0b000701 0b000801 10000 100 4194304 18556010 11700 11718
0b000601 0b000801 10000 100 4194304 18556010 11700 11718
0b000501 0b000801 10000 100 4194304 18556010 11700 11718
0b000401 0b000801 10000 100 4194304 18556010 11700 11718
0b000301 0b000801 10000 100 4194304 18556010 11700 11718
0b000201 0b000801 10000 100 4194304 18556010 11700 11718
0b000101 0b000801 10000 100 4194304 18556010 11700 11718
0b000001 0b000801 10000 100 4194304 18556010 11700 11718
0b000001 0b000801 10001 100 4194304 36567670 11700 11718
0b000101 0b000801 10001 100 4194304 36567670 11700 11718
0b000201 0b000801 10001 100 4194304 36567670 11700 11718
0b000301 0b000801 10001 100 4194304 36567670 11700 11718
0b000401 0b000801 10001 100 4194304 36567670 11700 11718
0b000501 0b000801 10001 100 4194304 36567670 11700 11718
0b000601 0b000801 10001 100 4194304 36567670 11700 11718
0b000701 0b000801 10001 100 4194304 36567670 11700 11718
0b000801 0b000001 10000 100 4194304 36567720 11700 11718
0b000801 0b000101 10000 100 4194304 36567720 11700 11718
0b000801 0b000201 10000 100 4194304 36567720 11700 11718
0b000801 0b000301 10000 100 4194304 36567720 11700 11718
0b000801 0b000401 10000 100 4194304 36567720 11700 11718
0b000801 0b000501 10000 100 4194304 36567720 11700 11718
0b000801 0b000601 10000 100 4194304 36567720 11700 11718
0b000801 0b000701 10000 100 4194304 36567720 11700 11718
0b000001 0b000801 10002 100 4194304 54579330 11700 11718
0b000101 0b000801 10002 100 4194304 54579330 11700 11718
0b000201 0b000801 10002 100 4194304 54579330 11700 11718
0b000301 0b000801 10002 100 4194304 54579330 11700 11718
0b000401 0b000801 10002 100 4194304 54579330 11700 11718
0b000501 0b000801 10002 100 4194304 54579330 11700 11718
0b000601 0b000801 10002 100 4194304 54579330 11700 11718
0b000701 0b000801 10002 100 4194304 54579330 11700 11718
0b000801 0b000001 10001 100 4194304 54579380 11700 11718
0b000801 0b000101 10001 100 4194304 54579380 11700 11718
0b000801 0b000201 10001 100 4194304 54579380 11700 11718
0b000801 0b000301 10001 100 4194304 54579380 11700 11718
0b000801 0b000401 10001 100 4194304 54579380 11700 11718
0b000801 0b000501 10001 100 4194304 54579380 11700 11718
0b000801 0b000601 10001 100 4194304 54579380 11700 11718
0b000801 0b000701 10001 100 4194304 54579380 11700 11718
0b000001 0b000801 10003 100 4194304 72590990 11700 11718
0b000101 0b000801 10003 100 4194304 72590990 11700 11718
0b000201 0b000801 10003 100 4194304 72590990 11700 11718
0b000301 0b000801 10003 100 4194304 72590990 11700 11718
0b000401 0b000801 10003 100 4194304 72590990 11700 11718
0b000501 0b000801 10003 100 4194304 72590990 11700 11718
0b000601 0b000801 10003 100 4194304 72590990 11700 11718
0b000701 0b000801 10003 100 4194304 72590990 11700 11718
0b000801 0b000001 10002 100 4194304 72591040 11700 11718
0b000801 0b000101 10002 100 4194304 72591040 11700 11718
0b000801 0b000201 10002 100 4194304 72591040 11700 11718
0b000801 0b000301 10002 100 4194304 72591040 11700 11718
0b000801 0b000401 10002 100 4194304 72591040 11700 11718
0b000801 0b000501 10002 100 4194304 72591040 11700 11718
0b000801 0b000601 10002 100 4194304 72591040 11700 11718
0b000801 0b000701 10002 100 4194304 72591040 11700 11718
0b000801 0b000001 10003 100 4194304 90602700 11700 11718
0b000801 0b000101 10003 100 4194304 90602700 11700 11718
0b000801 0b000201 10003 100 4194304 90602700 11700 11718
0b000801 0b000301 10003 100 4194304 90602700 11700 11718
0b000801 0b000401 10003 100 4194304 90602700 11700 11718
0b000801 0b000501 10003 100 4194304 90602700 11700 11718
0b000801 0b000601 10003 100 4194304 90602700 11700 11718
0b000801 0b000701 10003 100 4194304 90602700 11700 11718
0b000001 0b000801 10004 100 16777216 109170412 46653 46872
0b000101 0b000801 10004 100 16777216 109170412 46653 46872
0b000201 0b000801 10004 100 16777216 109170412 46653 46872
0b000301 0b000801 10004 100 16777216 109170412 46653 46872
0b000401 0b000801 10004 100 16777216 109170412 46653 46872
0b000501 0b000801 10004 100 16777216 109170412 46653 46872
0b000601 0b000801 10004 100 16777216 109170412 46653 46872
0b000701 0b000801 10004 100 16777216 109170412 46653 46872
0b000001 0b000801 10005 100 16777216 127217025 46675 46872
0b000101 0b000801 10005 100 16777216 127217025 46675 46872
0b000201 0b000801 10005 100 16777216 127217025 46675 46872
0b000301 0b000801 10005 100 16777216 127217025 46675 46872
0b000401 0b000801 10005 100 16777216 127217025 46675 46872
0b000501 0b000801 10005 100 16777216 127217025 46675 46872
0b000601 0b000801 10005 100 16777216 127217025 46675 46872
0b000701 0b000801 10005 100 16777216 127217025 46675 46872
0b000801 0b000001 10004 100 16777216 127217075 46653 46872
0b000801 0b000101 10004 100 16777216 127217075 46653 46872
0b000801 0b000201 10004 100 16777216 127217075 46653 46872
0b000801 0b000301 10004 100 16777216 127217075 46653 46872
0b000801 0b000401 10004 100 16777216 127217075 46653 46872
0b000801 0b000501 10004 100 16777216 127217075 46653 46872
0b000801 0b000601 10004 100 16777216 127217075 46653 46872
0b000801 0b000701 10004 100 16777216 127217075 46653 46872
0b000001 0b000801 10006 100 16777216 145263638 46672 46872
0b000101 0b000801 10006 100 16777216 145263638 46672 46872
0b000201 0b000801 10006 100 16777216 145263638 46672 46872
0b000301 0b000801 10006 100 16777216 145263638 46672 46872
0b000401 0b000801 10006 100 16777216 145263638 46672 46872
0b000501 0b000801 10006 100 16777216 145263638 46672 46872
0b000601 0b000801 10006 100 16777216 145263638 46672 46872
0b000701 0b000801 10006 100 16777216 145263638 46672 46872
0b000801 0b000001 10005 100 16777216 145263710 46653 46872
0b000801 0b000101 10005 100 16777216 145263710 46653 46872
0b000801 0b000201 10005 100 16777216 145263710 46653 46872
0b000801 0b000301 10005 100 16777216 145263710 46653 46872
0b000801 0b000401 10005 100 16777216 145263710 46653 46872
0b000801 0b000501 10005 100 16777216 145263710 46653 46872
0b000801 0b000601 10005 100 16777216 145263710 46653 46872
0b000801 0b000701 10005 100 16777216 145263710 46653 46872
0b000001 0b000801 10007 100 16777216 163310251 46669 46872
0b000101 0b000801 10007 100 16777216 163310251 46669 46872
0b000201 0b000801 10007 100 16777216 163310251 46669 46872
0b000301 0b000801 10007 100 16777216 163310251 46669 46872
0b000401 0b000801 10007 100 16777216 163310251 46669 46872
0b000501 0b000801 10007 100 16777216 163310251 46669 46872
0b000601 0b000801 10007 100 16777216 163310251 46669 46872
0b000701 0b000801 10007 100 16777216 163310251 46669 46872
0b000801 0b000001 10006 100 16777216 163310320 46653 46872
0b000801 0b000101 10006 100 16777216 163310320 46653 46872
0b000801 0b000201 10006 100 16777216 163310320 46653 46872
0b000801 0b000301 10006 100 16777216 163310320 46653 46872
0b000801 0b000401 10006 100 16777216 163310320 46653 46872
0b000801 0b000501 10006 100 16777216 163310320 46653 46872
0b000801 0b000601 10006 100 16777216 163310320 46653 46872
0b000801 0b000701 10006 100 16777216 163310320 46653 46872
0b000801 0b000001 10007 100 16777216 181356930 46653 46872
0b000801 0b000101 10007 100 16777216 181356930 46653 46872
0b000801 0b000201 10007 100 16777216 181356930 46653 46872
0b000801 0b000301 10007 100 16777216 181356930 46653 46872
0b000801 0b000401 10007 100 16777216 181356930 46653 46872
0b000801 0b000501 10007 100 16777216 181356930 46653 46872
0b000801 0b000601 10007 100 16777216 181356930 46653 46872
0b000801 0b000701 10007 100 16777216 181356930 46653 46872
