time, node_id, port_id, bandwidth
600000, 0, 1, 550.318080
600000, 0, 2, 86.400000
600000, 1, 1, 541.256640
600000, 1, 2, 84.942080
600000, 2, 1, 552.152320
600000, 2, 2, 84.932480
600000, 3, 1, 581.310400
600000, 3, 2, 84.961280
600000, 4, 1, 541.877760
600000, 4, 2, 84.951680
600000, 5, 1, 541.628160
600000, 5, 2, 84.956480
600000, 6, 1, 531.080000
600000, 6, 2, 84.946880
600000, 7, 1, 541.556160
600000, 7, 2, 84.942080
600000, 8, 1, 544.767040
600000, 8, 2, 86.400000
600000, 9, 1, 541.218240
600000, 9, 2, 84.942080
600000, 10, 1, 552.152320
600000, 10, 2, 84.932480
600000, 11, 1, 581.310400
600000, 11, 2, 84.961280
600000, 12, 1, 539.290560
600000, 12, 2, 84.951680
600000, 13, 1, 541.589760
600000, 13, 2, 84.951680
600000, 14, 1, 531.080000
600000, 14, 2, 84.942080
600000, 15, 1, 531.008000
600000, 15, 2, 84.946880
600000, 16, 1, 541.661760
600000, 16, 2, 548.836160
600000, 16, 3, 539.841920
600000, 16, 4, 552.421120
600000, 16, 5, 579.790080
600000, 16, 6, 541.628160
600000, 16, 7, 541.556160
600000, 16, 8, 531.080000
600000, 17, 1, 531.075200
600000, 17, 2, 543.357120
600000, 17, 3, 539.841920
600000, 17, 4, 552.416320
600000, 17, 5, 579.746880
600000, 17, 6, 537.597440
600000, 17, 7, 541.556160
600000, 17, 8, 531.008000
600000, 18, 1, 84.903680
600000, 18, 2, 84.903680
600000, 18, 3, 10.548160
600000, 18, 12, 10.548160
600000, 18, 13, 0.048000
600000, 18, 15, 10.548160
600000, 18, 18, 10.620160
600000, 18, 21, 10.692160
600000, 18, 22, 0.072000
600000, 18, 23, 0.072000
600000, 18, 24, 0.072000
600000, 18, 25, 10.548160
600000, 18, 31, 10.672960
600000, 18, 37, 31.644480
600000, 18, 41, 10.548160
600000, 18, 43, 10.548160
600000, 18, 47, 0.072000
600000, 18, 48, 0.072000
600000, 18, 50, 10.620160
600000, 18, 51, 0.072000
600000, 18, 54, 0.072000
600000, 18, 59, 10.548160
600000, 18, 60, 21.096320
600000, 18, 63, 0.072000
600000, 18, 64, 0.072000
600000, 19, 1, 84.889280
600000, 19, 2, 84.889280
600000, 19, 8, 10.548160
600000, 19, 9, 10.620160
600000, 19, 11, 0.072000
600000, 19, 13, 0.072000
600000, 19, 16, 10.586560
600000, 19, 18, 10.620160
600000, 19, 20, 10.692160
600000, 19, 21, 21.096320
600000, 19, 23, 10.620160
600000, 19, 24, 10.548160
600000, 19, 30, 0.072000
600000, 19, 34, 10.548160
600000, 19, 35, 21.096320
600000, 19, 36, 10.548160
600000, 19, 38, 10.548160
600000, 19, 39, 0.072000
600000, 19, 43, 0.072000
600000, 19, 46, 0.072000
600000, 19, 47, 0.038400
600000, 19, 50, 0.072000
600000, 19, 52, 0.072000
600000, 19, 54, 0.072000
600000, 19, 63, 21.096320
600000, 20, 1, 83.803200
600000, 20, 2, 83.803200
600000, 20, 3, 0.072000
600000, 20, 5, 0.072000
600000, 20, 6, 10.620160
600000, 20, 11, 10.692160
600000, 20, 13, 10.548160
600000, 20, 15, 0.033600
600000, 20, 21, 10.548160
600000, 20, 27, 0.072000
600000, 20, 29, 10.548160
600000, 20, 36, 10.548160
600000, 20, 39, 0.072000
600000, 20, 41, 10.548160
600000, 20, 47, 10.620160
600000, 20, 48, 10.548160
600000, 20, 49, 10.548160
600000, 20, 50, 10.620160
600000, 20, 51, 0.072000
600000, 20, 52, 0.072000
600000, 20, 54, 10.620160
600000, 20, 55, 31.716480
600000, 20, 57, 0.033600
600000, 20, 63, 10.548160
600000, 20, 64, 0.072000
600000, 21, 1, 84.913280
600000, 21, 2, 84.908480
600000, 21, 6, 10.548160
600000, 21, 9, 10.692160
600000, 21, 12, 21.096320
600000, 21, 15, 10.548160
600000, 21, 20, 10.548160
600000, 21, 21, 10.548160
600000, 21, 22, 0.072000
600000, 21, 24, 10.620160
600000, 21, 27, 0.144000
600000, 21, 29, 0.072000
600000, 21, 30, 0.072000
600000, 21, 34, 10.548160
600000, 21, 35, 10.548160
600000, 21, 36, 0.072000
600000, 21, 39, 0.072000
600000, 21, 40, 0.072000
600000, 21, 41, 21.096320
600000, 21, 43, 0.072000
600000, 21, 44, 10.548160
600000, 21, 49, 0.072000
600000, 21, 58, 10.620160
600000, 21, 62, 0.072000
600000, 21, 64, 10.620160
600000, 21, 65, 10.548160
600000, 22, 1, 84.908480
600000, 22, 2, 84.918080
600000, 22, 8, 10.692160
600000, 22, 9, 0.072000
600000, 22, 10, 10.548160
600000, 22, 11, 0.072000
600000, 22, 15, 10.548160
600000, 22, 18, 10.548160
600000, 22, 19, 0.072000
600000, 22, 22, 10.548160
600000, 22, 25, 0.072000
600000, 22, 33, 21.096320
600000, 22, 43, 10.620160
600000, 22, 44, 10.620160
600000, 22, 46, 10.548160
600000, 22, 47, 10.548160
600000, 22, 48, 10.548160
600000, 22, 52, 10.620160
600000, 22, 53, 10.548160
600000, 22, 54, 0.072000
600000, 22, 58, 0.048000
600000, 22, 59, 0.144000
600000, 22, 61, 0.072000
600000, 22, 62, 10.620160
600000, 22, 65, 0.052800
600000, 22, 66, 10.548160
600000, 23, 1, 84.903680
600000, 23, 2, 84.908480
600000, 23, 5, 0.072000
600000, 23, 6, 0.072000
600000, 23, 8, 10.548160
600000, 23, 10, 0.072000
600000, 23, 12, 0.048000
600000, 23, 13, 0.072000
600000, 23, 14, 10.548160
600000, 23, 15, 0.072000
600000, 23, 16, 0.072000
600000, 23, 19, 10.548160
600000, 23, 27, 10.548160
600000, 23, 29, 10.548160
600000, 23, 33, 10.620160
600000, 23, 34, 10.620160
600000, 23, 40, 0.072000
600000, 23, 41, 0.072000
600000, 23, 42, 21.096320
600000, 23, 43, 10.600960
600000, 23, 44, 10.548160
600000, 23, 45, 0.072000
600000, 23, 46, 0.072000
600000, 23, 52, 0.072000
600000, 23, 53, 10.548160
600000, 23, 57, 0.072000
600000, 23, 63, 21.096320
600000, 23, 64, 10.548160
600000, 23, 65, 10.548160
600000, 24, 1, 84.908480
600000, 24, 2, 84.903680
600000, 24, 3, 0.072000
600000, 24, 4, 0.072000
600000, 24, 5, 10.548160
600000, 24, 6, 10.548160
600000, 24, 7, 10.620160
600000, 24, 8, 10.548160
600000, 24, 9, 0.072000
600000, 24, 13, 10.548160
600000, 24, 14, 21.096320
600000, 24, 15, 10.548160
600000, 24, 16, 0.072000
600000, 24, 23, 0.072000
600000, 24, 26, 10.548160
600000, 24, 29, 10.548160
600000, 24, 30, 0.072000
600000, 24, 36, 10.548160
600000, 24, 42, 10.548160
600000, 24, 44, 0.043200
600000, 24, 47, 0.072000
600000, 24, 48, 0.072000
600000, 24, 49, 0.144000
600000, 24, 50, 10.548160
600000, 24, 51, 0.144000
600000, 24, 54, 10.548160
600000, 24, 58, 10.596160
600000, 24, 60, 0.072000
600000, 24, 61, 10.548160
600000, 25, 1, 84.908480
600000, 25, 2, 84.913280
600000, 25, 3, 10.548160
600000, 25, 4, 0.072000
600000, 25, 6, 10.692160
600000, 25, 7, 0.072000
600000, 25, 8, 10.548160
600000, 25, 9, 10.548160
600000, 25, 11, 10.548160
600000, 25, 12, 0.072000
600000, 25, 13, 0.072000
600000, 25, 15, 10.548160
600000, 25, 19, 10.548160
600000, 25, 24, 0.072000
600000, 25, 26, 21.096320
600000, 25, 28, 10.620160
600000, 25, 29, 21.096320
600000, 25, 30, 0.072000
600000, 25, 31, 10.548160
600000, 25, 34, 10.548160
600000, 25, 37, 0.072000
600000, 25, 38, 0.072000
600000, 25, 39, 10.620160
600000, 25, 40, 0.048000
600000, 25, 51, 0.072000
600000, 25, 52, 10.548160
600000, 25, 54, 0.038400
600000, 25, 64, 0.072000
600000, 26, 1, 10.548160
600000, 26, 2, 10.620160
600000, 26, 6, 0.072000
600000, 27, 6, 0.072000
600000, 27, 7, 0.072000
600000, 28, 2, 0.072000
600000, 28, 5, 0.072000
600000, 28, 8, 10.548160
600000, 29, 1, 10.548160
600000, 29, 2, 0.072000
600000, 29, 4, 10.548160
600000, 29, 5, 10.620160
600000, 29, 7, 0.144000
600000, 29, 8, 10.548160
600000, 30, 6, 0.072000
600000, 30, 7, 0.072000
600000, 30, 8, 10.548160
600000, 31, 1, 10.548160
600000, 31, 3, 10.548160
600000, 31, 4, 0.144000
600000, 31, 6, 10.548160
600000, 31, 7, 10.548160
600000, 31, 8, 10.548160
600000, 32, 1, 10.620160
600000, 32, 3, 10.692160
600000, 32, 4, 0.072000
600000, 32, 5, 10.548160
600000, 32, 6, 0.072000
600000, 33, 5, 0.072000
600000, 33, 6, 10.548160
600000, 34, 1, 10.620160
600000, 34, 2, 0.144000
600000, 34, 4, 10.620160
600000, 35, 2, 10.548160
600000, 35, 5, 21.129920
600000, 35, 7, 0.072000
600000, 36, 1, 0.072000
600000, 36, 4, 10.548160
600000, 36, 5, 0.072000
600000, 36, 7, 0.072000
600000, 36, 8, 10.581760
600000, 37, 7, 10.548160
600000, 37, 8, 21.096320
600000, 38, 1, 10.548160
600000, 38, 2, 10.567360
600000, 38, 5, 10.620160
600000, 38, 6, 10.548160
600000, 38, 8, 10.548160
600000, 39, 1, 0.028800
600000, 39, 3, 10.548160
600000, 39, 5, 0.072000
600000, 39, 6, 0.072000
600000, 41, 1, 0.072000
600000, 41, 2, 10.548160
600000, 41, 3, 10.548160
600000, 41, 6, 10.548160
600000, 41, 8, 0.072000
600000, 42, 1, 10.548160
600000, 42, 4, 0.072000
600000, 42, 7, 10.548160
600000, 43, 1, 0.144000
600000, 43, 3, 10.548160
600000, 43, 5, 10.548160
600000, 44, 2, 10.548160
600000, 44, 3, 21.096320
600000, 44, 4, 10.548160
600000, 44, 5, 10.548160
600000, 44, 8, 0.144000
600000, 45, 3, 0.072000
600000, 45, 6, 10.548160
600000, 45, 8, 0.072000
600000, 46, 1, 0.072000
600000, 46, 3, 10.548160
600000, 46, 6, 0.072000
600000, 46, 8, 0.072000
600000, 47, 3, 10.620160
600000, 47, 5, 10.548160
600000, 47, 7, 0.072000
600000, 47, 8, 0.072000
600000, 48, 2, 10.548160
600000, 48, 4, 0.072000
600000, 49, 1, 21.096320
600000, 49, 8, 10.548160
600000, 50, 2, 0.072000
600000, 50, 3, 0.134400
600000, 50, 7, 10.548160
600000, 51, 1, 10.548160
600000, 51, 7, 0.072000
600000, 52, 1, 21.096320
600000, 52, 3, 0.072000
600000, 52, 4, 10.548160
600000, 52, 7, 10.548160
600000, 52, 8, 10.548160
600000, 53, 1, 0.072000
600000, 53, 3, 0.072000
600000, 53, 6, 0.072000
600000, 53, 7, 0.072000
600000, 54, 1, 10.548160
600000, 54, 2, 10.548160
600000, 54, 8, 0.110400
600000, 56, 5, 0.072000
600000, 56, 6, 21.096320
600000, 56, 7, 10.548160
600000, 57, 1, 10.548160
600000, 57, 3, 10.548160
600000, 57, 5, 10.620160
600000, 57, 7, 10.548160
600000, 58, 3, 21.096320
600000, 58, 5, 10.548160
600000, 59, 3, 10.620160
600000, 59, 4, 10.548160
600000, 59, 8, 10.548160
600000, 60, 2, 31.644480
600000, 60, 7, 0.072000
600000, 61, 3, 10.548160
600000, 61, 7, 0.072000
600000, 62, 1, 10.620160
600000, 62, 2, 0.072000
600000, 62, 3, 0.072000
600000, 62, 7, 0.072000
600000, 63, 3, 0.062400
600000, 63, 5, 0.072000
600000, 63, 7, 0.033600
600000, 64, 2, 10.548160
600000, 64, 4, 10.548160
600000, 64, 5, 21.168320
600000, 65, 7, 21.096320
600000, 65, 8, 10.548160
600000, 66, 1, 0.072000
600000, 66, 2, 10.548160
600000, 66, 3, 0.072000
600000, 66, 4, 0.072000
600000, 66, 5, 0.038400
600000, 66, 6, 10.548160
600000, 66, 7, 10.548160
600000, 67, 4, 0.072000
600000, 67, 5, 10.548160
600000, 67, 6, 10.576960
600000, 67, 7, 10.548160
600000, 68, 5, 0.072000
600000, 69, 1, 0.072000
600000, 69, 5, 0.072000
600000, 69, 6, 10.548160
600000, 70, 1, 0.028800
600000, 70, 2, 0.072000
600000, 70, 4, 10.548160
600000, 70, 6, 10.620160
600000, 70, 8, 0.072000
600000, 71, 4, 10.548160
600000, 71, 6, 10.620160
600000, 71, 8, 0.072000
600000, 72, 3, 0.072000
600000, 72, 4, 10.548160
600000, 72, 6, 0.144000
600000, 73, 1, 0.072000
600000, 73, 2, 10.620160
600000, 73, 4, 10.548160
600000, 73, 8, 10.620160
600000, 74, 2, 0.072000
600000, 74, 6, 0.144000
600000, 74, 7, 0.072000
600000, 74, 8, 0.072000
600000, 75, 1, 10.620160
600000, 75, 2, 0.072000
600000, 75, 4, 0.072000
600000, 75, 5, 0.072000
600000, 75, 6, 10.548160
600000, 76, 6, 10.548160
600000, 76, 7, 10.548160
600000, 77, 1, 0.072000
600000, 77, 2, 0.072000
600000, 77, 4, 10.620160
600000, 77, 7, 0.028800
600000, 77, 8, 10.620160
600000, 78, 2, 0.072000
600000, 78, 4, 31.644480
600000, 80, 2, 0.019200
600000, 80, 5, 0.072000
600000, 81, 3, 0.072000
600000, 81, 4, 0.033600
600000, 81, 5, 10.548160
600000, 81, 6, 0.033600
600000, 81, 8, 10.548160
600000, 82, 2, 10.548160
600000, 82, 4, 0.144000
600000, 83, 2, 21.096320
600000, 83, 6, 0.072000
600000, 84, 4, 0.072000
600000, 84, 8, 10.548160
600000, 85, 3, 0.072000
600000, 85, 4, 0.072000
600000, 85, 6, 10.548160
600000, 86, 3, 21.096320
600000, 86, 4, 10.548160
600000, 86, 7, 21.096320
600000, 86, 8, 0.072000
600000, 87, 2, 0.072000
600000, 87, 3, 0.072000
600000, 87, 5, 10.548160
600000, 87, 7, 10.620160
600000, 87, 8, 0.072000
600000, 88, 4, 0.038400
600000, 88, 5, 10.548160
600000, 88, 7, 10.548160
600000, 89, 6, 10.548160
700000, 0, 1, 1456.868160
700000, 0, 2, 204.617280
700000, 1, 1, 1484.467520
700000, 1, 2, 209.043840
700000, 2, 1, 1492.601280
700000, 2, 2, 212.360000
700000, 3, 1, 1489.424000
700000, 3, 2, 212.403200
700000, 4, 1, 1518.505280
700000, 4, 2, 212.336000
700000, 5, 1, 1471.735360
700000, 5, 2, 205.032320
700000, 6, 1, 1476.149440
700000, 6, 2, 222.850560
700000, 7, 1, 1465.244160
700000, 7, 2, 201.864640
700000, 8, 1, 1451.832640
700000, 8, 2, 205.399040
700000, 9, 1, 1508.112640
700000, 9, 2, 201.802240
700000, 10, 1, 1516.776640
700000, 10, 2, 212.360000
700000, 11, 1, 1510.997760
700000, 11, 2, 211.993280
700000, 12, 1, 1516.047680
700000, 12, 2, 212.412800
700000, 13, 1, 1488.467520
700000, 13, 2, 206.461440
700000, 14, 1, 1461.690560
700000, 14, 2, 212.297600
700000, 15, 1, 1470.603200
700000, 15, 2, 195.666240
700000, 16, 1, 1463.690240
700000, 16, 2, 1458.474880
700000, 16, 3, 1484.659520
700000, 16, 4, 1491.205760
700000, 16, 5, 1491.069120
700000, 16, 6, 1518.337280
700000, 16, 7, 1469.994240
700000, 16, 8, 1476.101440
700000, 17, 1, 1468.725760
700000, 17, 2, 1453.592960
700000, 17, 3, 1509.954560
700000, 17, 4, 1515.318720
700000, 17, 5, 1511.012160
700000, 17, 6, 1515.870080
700000, 17, 7, 1486.625600
700000, 17, 8, 1460.107840
700000, 18, 1, 191.292480
700000, 18, 2, 201.840640
700000, 18, 3, 10.620160
700000, 18, 5, 0.120000
700000, 18, 6, 10.548160
700000, 18, 10, 0.072000
700000, 18, 11, 12.140480
700000, 18, 13, 21.120320
700000, 18, 16, 10.548160
700000, 18, 17, 10.548160
700000, 18, 18, 10.548160
700000, 18, 20, 10.620160
700000, 18, 21, 11.996480
700000, 18, 23, 10.620160
700000, 18, 24, 0.072000
700000, 18, 25, 10.548160
700000, 18, 26, 10.620160
700000, 18, 27, 21.096320
700000, 18, 28, 10.548160
700000, 18, 29, 21.096320
700000, 18, 30, 0.144000
700000, 18, 31, 21.115520
700000, 18, 32, 0.072000
700000, 18, 35, 10.620160
700000, 18, 37, 0.144000
700000, 18, 39, 0.072000
700000, 18, 41, 10.548160
700000, 18, 42, 0.144000
700000, 18, 45, 21.096320
700000, 18, 46, 10.620160
700000, 18, 47, 10.620160
700000, 18, 48, 0.072000
700000, 18, 49, 0.288000
700000, 18, 50, 22.688640
700000, 18, 51, 10.548160
700000, 18, 52, 10.692160
700000, 18, 53, 21.168320
700000, 18, 54, 0.072000
700000, 18, 56, 10.692160
700000, 18, 58, 0.072000
700000, 18, 60, 21.096320
700000, 18, 61, 10.620160
700000, 18, 62, 10.548160
700000, 18, 63, 10.620160
700000, 19, 1, 201.855040
700000, 19, 2, 201.826240
700000, 19, 4, 0.072000
700000, 19, 5, 21.096320
700000, 19, 7, 10.548160
700000, 19, 9, 10.620160
700000, 19, 10, 0.072000
700000, 19, 11, 0.072000
700000, 19, 12, 10.620160
700000, 19, 14, 0.072000
700000, 19, 15, 10.692160
700000, 19, 16, 21.201920
700000, 19, 17, 0.144000
700000, 19, 18, 10.836160
700000, 19, 21, 0.072000
700000, 19, 22, 21.096320
700000, 19, 23, 0.144000
700000, 19, 24, 10.548160
700000, 19, 26, 10.548160
700000, 19, 28, 0.072000
700000, 19, 29, 10.548160
700000, 19, 30, 10.548160
700000, 19, 31, 0.072000
700000, 19, 32, 0.072000
700000, 19, 33, 10.548160
700000, 19, 35, 0.072000
700000, 19, 37, 10.548160
700000, 19, 38, 31.644480
700000, 19, 39, 0.072000
700000, 19, 40, 14.240960
700000, 19, 41, 10.620160
700000, 19, 42, 10.548160
700000, 19, 43, 21.096320
700000, 19, 44, 10.620160
700000, 19, 46, 1.448320
700000, 19, 47, 10.653760
700000, 19, 49, 10.692160
700000, 19, 50, 10.692160
700000, 19, 51, 0.072000
700000, 19, 52, 10.620160
700000, 19, 56, 10.548160
700000, 19, 57, 10.548160
700000, 19, 58, 10.548160
700000, 19, 61, 10.692160
700000, 19, 62, 10.548160
700000, 19, 63, 10.620160
700000, 19, 65, 21.168320
700000, 19, 66, 0.072000
700000, 20, 1, 202.998720
700000, 20, 2, 202.989120
700000, 20, 3, 0.072000
700000, 20, 4, 10.548160
700000, 20, 5, 0.072000
700000, 20, 8, 0.072000
700000, 20, 9, 10.620160
700000, 20, 10, 0.072000
700000, 20, 11, 10.620160
700000, 20, 12, 0.072000
700000, 20, 14, 10.548160
700000, 20, 15, 0.038400
700000, 20, 17, 0.144000
700000, 20, 18, 10.548160
700000, 20, 19, 10.620160
700000, 20, 20, 0.144000
700000, 20, 23, 10.548160
700000, 20, 24, 21.096320
700000, 20, 25, 10.548160
700000, 20, 26, 10.548160
700000, 20, 27, 0.072000
700000, 20, 29, 10.548160
700000, 20, 30, 10.548160
700000, 20, 31, 10.620160
700000, 20, 32, 10.548160
700000, 20, 33, 10.620160
700000, 20, 34, 10.548160
700000, 20, 35, 10.692160
700000, 20, 36, 0.072000
700000, 20, 40, 31.716480
700000, 20, 42, 0.072000
700000, 20, 43, 10.620160
700000, 20, 44, 10.548160
700000, 20, 45, 31.644480
700000, 20, 46, 0.072000
700000, 20, 47, 10.620160
700000, 20, 48, 10.548160
700000, 20, 49, 10.620160
700000, 20, 50, 21.096320
700000, 20, 51, 0.072000
700000, 20, 52, 10.620160
700000, 20, 53, 10.620160
700000, 20, 56, 21.240320
700000, 20, 57, 10.586560
700000, 20, 58, 10.620160
700000, 20, 59, 10.620160
700000, 20, 60, 0.144000
700000, 20, 62, 0.072000
700000, 20, 64, 10.620160
700000, 20, 65, 10.692160
700000, 20, 66, 0.072000
700000, 21, 1, 212.441600
700000, 21, 2, 212.331200
700000, 21, 3, 10.692160
700000, 21, 7, 0.072000
700000, 21, 8, 0.072000
700000, 21, 11, 21.168320
700000, 21, 15, 10.548160
700000, 21, 17, 10.620160
700000, 21, 18, 10.620160
700000, 21, 19, 0.072000
700000, 21, 20, 10.620160
700000, 21, 21, 21.312320
700000, 21, 22, 10.620160
700000, 21, 24, 10.620160
700000, 21, 25, 10.548160
700000, 21, 26, 18.513920
700000, 21, 27, 10.548160
700000, 21, 28, 10.620160
700000, 21, 29, 0.072000
700000, 21, 30, 10.548160
700000, 21, 31, 0.072000
700000, 21, 32, 10.620160
700000, 21, 33, 0.072000
700000, 21, 35, 10.620160
700000, 21, 36, 0.072000
700000, 21, 37, 0.072000
700000, 21, 38, 10.548160
700000, 21, 40, 10.620160
700000, 21, 41, 10.620160
700000, 21, 43, 10.548160
700000, 21, 44, 0.072000
700000, 21, 46, 10.548160
700000, 21, 47, 21.096320
700000, 21, 48, 31.644480
700000, 21, 49, 0.072000
700000, 21, 50, 21.168320
700000, 21, 52, 10.620160
700000, 21, 53, 10.620160
700000, 21, 55, 10.692160
700000, 21, 57, 10.548160
700000, 21, 58, 10.548160
700000, 21, 59, 10.836160
700000, 21, 60, 0.144000
700000, 21, 61, 10.548160
700000, 21, 63, 0.072000
700000, 21, 64, 10.620160
700000, 21, 65, 0.072000
700000, 21, 66, 10.548160
700000, 22, 1, 204.293760
700000, 22, 2, 212.364800
700000, 22, 3, 21.240320
700000, 22, 4, 21.168320
700000, 22, 5, 10.548160
700000, 22, 7, 0.072000
700000, 22, 8, 0.038400
700000, 22, 10, 0.072000
700000, 22, 13, 0.072000
700000, 22, 15, 0.072000
700000, 22, 16, 0.144000
700000, 22, 18, 0.072000
700000, 22, 19, 10.692160
700000, 22, 21, 0.072000
700000, 22, 24, 0.072000
700000, 22, 25, 10.620160
700000, 22, 27, 10.210240
700000, 22, 28, 10.620160
700000, 22, 30, 10.548160
700000, 22, 32, 10.548160
700000, 22, 33, 10.692160
700000, 22, 34, 21.240320
700000, 22, 35, 21.168320
700000, 22, 37, 21.168320
700000, 22, 39, 31.644480
700000, 22, 40, 10.548160
700000, 22, 41, 21.096320
700000, 22, 43, 10.548160
700000, 22, 44, 0.072000
700000, 22, 45, 10.548160
700000, 22, 47, 21.096320
700000, 22, 48, 21.096320
700000, 22, 49, 0.072000
700000, 22, 50, 21.240320
700000, 22, 51, 10.850560
700000, 22, 52, 10.548160
700000, 22, 54, 10.620160
700000, 22, 55, 10.548160
700000, 22, 57, 0.072000
700000, 22, 58, 10.572160
700000, 22, 59, 10.548160
700000, 22, 60, 10.615360
700000, 22, 64, 10.620160
700000, 22, 65, 0.163200
700000, 22, 66, 0.072000
700000, 23, 1, 209.734400
700000, 23, 2, 206.423040
700000, 23, 3, 0.019200
700000, 23, 4, 31.644480
700000, 23, 7, 10.548160
700000, 23, 9, 31.644480
700000, 23, 10, 10.620160
700000, 23, 11, 0.072000
700000, 23, 12, 2.196480
700000, 23, 13, 21.096320
700000, 23, 14, 10.548160
700000, 23, 15, 10.548160
700000, 23, 17, 0.144000
700000, 23, 19, 0.072000
700000, 23, 21, 10.692160
700000, 23, 23, 0.192000
700000, 23, 24, 10.548160
700000, 23, 26, 0.072000
700000, 23, 28, 31.644480
700000, 23, 29, 10.548160
700000, 23, 30, 21.168320
700000, 23, 31, 21.168320
700000, 23, 34, 0.072000
700000, 23, 35, 21.312320
700000, 23, 36, 0.072000
700000, 23, 37, 10.548160
700000, 23, 39, 5.793280
700000, 23, 40, 0.144000
700000, 23, 42, 10.548160
700000, 23, 43, 0.091200
700000, 23, 47, 0.307200
700000, 23, 48, 14.168960
700000, 23, 49, 6.517440
700000, 23, 51, 21.096320
700000, 23, 52, 10.548160
700000, 23, 53, 0.072000
700000, 23, 54, 0.072000
700000, 23, 55, 15.689280
700000, 23, 57, 0.216000
700000, 23, 59, 0.072000
700000, 23, 60, 0.072000
700000, 23, 62, 0.072000
700000, 23, 63, 10.620160
700000, 23, 64, 21.240320
700000, 23, 65, 10.620160
700000, 23, 66, 10.548160
700000, 24, 1, 198.558080
700000, 24, 2, 196.380800
700000, 24, 3, 0.144000
700000, 24, 5, 10.548160
700000, 24, 7, 0.072000
700000, 24, 8, 0.144000
700000, 24, 9, 21.240320
700000, 24, 10, 10.548160
700000, 24, 11, 31.644480
700000, 24, 12, 10.620160
700000, 24, 13, 10.692160
700000, 24, 14, 21.168320
700000, 24, 17, 10.620160
700000, 24, 18, 10.620160
700000, 24, 19, 10.548160
700000, 24, 20, 10.620160
700000, 24, 21, 10.548160
700000, 24, 22, 0.072000
700000, 24, 23, 10.548160
700000, 24, 24, 0.076800
700000, 24, 25, 10.548160
700000, 24, 26, 0.072000
700000, 24, 30, 10.620160
700000, 24, 31, 21.096320
700000, 24, 32, 21.096320
700000, 24, 34, 10.548160
700000, 24, 36, 10.692160
700000, 24, 37, 0.144000
700000, 24, 38, 10.692160
700000, 24, 40, 10.548160
700000, 24, 41, 31.644480
700000, 24, 42, 0.072000
700000, 24, 43, 0.072000
700000, 24, 44, 0.028800
700000, 24, 46, 0.072000
700000, 24, 47, 10.548160
700000, 24, 48, 0.072000
700000, 24, 49, 0.072000
700000, 24, 51, 0.072000
700000, 24, 53, 0.144000
700000, 24, 55, 8.689920
700000, 24, 56, 21.168320
700000, 24, 57, 10.548160
700000, 24, 58, 0.038400
700000, 24, 59, 10.620160
700000, 24, 63, 0.072000
700000, 24, 64, 31.644480
700000, 24, 65, 10.548160
700000, 24, 66, 10.620160
700000, 25, 1, 212.331200
700000, 25, 2, 215.203840
700000, 25, 3, 10.548160
700000, 25, 4, 10.548160
700000, 25, 5, 0.072000
700000, 25, 6, 10.548160
700000, 25, 8, 21.168320
700000, 25, 10, 10.548160
700000, 25, 11, 0.072000
700000, 25, 13, 31.788480
700000, 25, 14, 0.072000
700000, 25, 15, 10.600960
700000, 25, 17, 10.548160
700000, 25, 20, 10.620160
700000, 25, 21, 10.620160
700000, 25, 22, 31.764480
700000, 25, 23, 0.144000
700000, 25, 24, 10.692160
700000, 25, 26, 0.072000
700000, 25, 27, 0.072000
700000, 25, 28, 10.548160
700000, 25, 30, 21.096320
700000, 25, 31, 0.144000
700000, 25, 33, 0.072000
700000, 25, 35, 10.548160
700000, 25, 36, 10.548160
700000, 25, 37, 0.072000
700000, 25, 38, 0.072000
700000, 25, 39, 21.096320
700000, 25, 40, 0.024000
700000, 25, 41, 21.240320
700000, 25, 43, 0.072000
700000, 25, 44, 0.072000
700000, 25, 45, 10.620160
700000, 25, 46, 1.664320
700000, 25, 47, 10.620160
700000, 25, 48, 0.072000
700000, 25, 50, 10.548160
700000, 25, 51, 0.072000
700000, 25, 53, 0.072000
700000, 25, 54, 10.581760
700000, 25, 55, 0.144000
700000, 25, 56, 0.072000
700000, 25, 57, 21.096320
700000, 25, 59, 10.548160
700000, 25, 60, 10.620160
700000, 25, 61, 0.072000
700000, 25, 62, 10.548160
700000, 25, 63, 0.072000
700000, 25, 64, 10.548160
700000, 25, 65, 10.548160
700000, 26, 1, 10.548160
700000, 26, 2, 10.620160
700000, 26, 3, 0.144000
700000, 26, 4, 0.144000
700000, 26, 5, 10.562560
700000, 26, 6, 21.240320
700000, 26, 8, 0.072000
700000, 27, 1, 10.620160
700000, 27, 4, 10.620160
700000, 27, 6, 21.096320
700000, 27, 7, 31.644480
700000, 28, 2, 0.072000
700000, 28, 3, 21.096320
700000, 28, 6, 10.548160
700000, 28, 7, 0.072000
700000, 28, 8, 10.653760
700000, 29, 1, 10.548160
700000, 29, 2, 10.548160
700000, 30, 3, 10.620160
700000, 30, 4, 0.072000
700000, 30, 6, 0.072000
700000, 30, 7, 10.548160
700000, 31, 1, 21.096320
700000, 31, 2, 0.072000
700000, 31, 3, 0.072000
700000, 31, 4, 0.033600
700000, 31, 6, 0.144000
700000, 31, 7, 0.072000
700000, 32, 1, 0.072000
700000, 32, 2, 0.072000
700000, 32, 3, 10.548160
700000, 32, 4, 10.548160
700000, 32, 6, 0.144000
700000, 32, 7, 31.644480
700000, 32, 8, 21.096320
700000, 33, 1, 10.620160
700000, 33, 2, 0.072000
700000, 33, 4, 0.067200
700000, 33, 5, 0.072000
700000, 33, 7, 10.548160
700000, 33, 8, 10.620160
700000, 34, 1, 0.072000
700000, 34, 2, 10.620160
700000, 34, 3, 0.072000
700000, 34, 4, 10.548160
700000, 34, 5, 21.168320
700000, 34, 7, 0.072000
700000, 34, 8, 31.788480
700000, 35, 1, 0.072000
700000, 35, 2, 0.072000
700000, 35, 3, 10.548160
700000, 35, 5, 0.038400
700000, 35, 6, 0.072000
700000, 35, 7, 1.448320
700000, 35, 8, 10.548160
700000, 36, 1, 31.644480
700000, 36, 2, 21.096320
700000, 36, 4, 0.072000
700000, 36, 6, 0.144000
700000, 36, 7, 21.240320
700000, 36, 8, 10.586560
700000, 37, 1, 0.072000
700000, 37, 4, 10.548160
700000, 37, 6, 0.072000
700000, 37, 7, 10.620160
700000, 37, 8, 21.096320
700000, 38, 1, 10.692160
700000, 38, 2, 0.052800
700000, 38, 3, 10.548160
700000, 38, 4, 0.072000
700000, 38, 5, 10.548160
700000, 38, 7, 10.600960
700000, 39, 1, 0.115200
700000, 39, 2, 10.548160
700000, 39, 3, 21.096320
700000, 39, 4, 0.144000
700000, 40, 1, 10.692160
700000, 40, 2, 10.692160
700000, 40, 3, 0.072000
700000, 40, 5, 10.692160
700000, 40, 6, 0.072000
700000, 40, 8, 10.548160
700000, 41, 1, 0.288000
700000, 41, 2, 10.548160
700000, 41, 3, 10.620160
700000, 41, 4, 10.620160
700000, 41, 5, 10.548160
700000, 41, 6, 0.072000
700000, 41, 8, 10.548160
700000, 42, 2, 0.072000
700000, 42, 3, 0.072000
700000, 42, 4, 10.692160
700000, 42, 5, 0.072000
700000, 42, 6, 10.548160
700000, 42, 8, 10.548160
700000, 43, 1, 10.548160
700000, 43, 2, 10.692160
700000, 43, 3, 0.072000
700000, 43, 5, 10.548160
700000, 43, 6, 0.072000
700000, 43, 7, 0.072000
700000, 43, 8, 10.620160
700000, 44, 1, 10.620160
700000, 44, 2, 10.548160
700000, 44, 3, 0.216000
700000, 44, 4, 0.072000
700000, 44, 5, 21.240320
700000, 44, 7, 10.620160
700000, 44, 8, 10.548160
700000, 45, 1, 31.644480
700000, 45, 3, 21.168320
700000, 45, 5, 10.548160
700000, 45, 6, 0.072000
700000, 45, 7, 0.105600
700000, 46, 1, 0.144000
700000, 46, 2, 10.548160
700000, 46, 4, 10.548160
700000, 46, 5, 0.182400
700000, 46, 7, 0.144000
700000, 46, 8, 10.620160
700000, 47, 1, 10.548160
700000, 47, 3, 10.620160
700000, 47, 4, 21.168320
700000, 47, 5, 10.548160
700000, 47, 6, 0.072000
700000, 47, 7, 10.692160
700000, 47, 8, 0.072000
700000, 48, 2, 10.548160
700000, 48, 4, 10.620160
700000, 48, 5, 10.548160
700000, 48, 6, 10.548160
700000, 48, 8, 10.548160
700000, 49, 2, 10.548160
700000, 49, 3, 10.548160
700000, 49, 4, 10.548160
700000, 49, 5, 16.413440
700000, 49, 6, 0.072000
700000, 49, 7, 0.072000
700000, 49, 8, 0.072000
700000, 50, 2, 21.168320
700000, 50, 3, 0.009600
700000, 50, 4, 0.072000
700000, 50, 5, 10.548160
700000, 50, 6, 7.241600
700000, 50, 7, 0.072000
700000, 51, 1, 10.620160
700000, 51, 2, 10.548160
700000, 51, 3, 0.072000
700000, 51, 4, 0.072000
700000, 51, 5, 10.548160
700000, 51, 6, 10.548160
700000, 51, 7, 31.644480
700000, 52, 2, 21.096320
700000, 52, 3, 10.620160
700000, 52, 4, 10.548160
700000, 52, 7, 10.548160
700000, 53, 1, 21.096320
700000, 53, 3, 10.548160
700000, 53, 4, 10.548160
700000, 53, 5, 10.620160
700000, 53, 6, 10.620160
700000, 53, 7, 21.096320
700000, 53, 8, 10.692160
700000, 54, 1, 0.072000
700000, 54, 2, 21.168320
700000, 54, 3, 0.072000
700000, 54, 4, 10.548160
700000, 54, 5, 0.072000
700000, 54, 7, 21.240320
700000, 54, 8, 21.129920
700000, 55, 1, 0.072000
700000, 55, 3, 0.072000
700000, 55, 4, 10.548160
700000, 55, 5, 10.548160
700000, 55, 6, 10.548160
700000, 55, 8, 21.168320
700000, 56, 2, 0.072000
700000, 56, 3, 10.620160
700000, 56, 4, 10.692160
700000, 56, 6, 10.548160
700000, 56, 7, 0.072000
700000, 57, 4, 10.692160
700000, 57, 5, 0.072000
700000, 57, 6, 21.096320
700000, 57, 8, 10.548160
700000, 58, 1, 10.620160
700000, 58, 2, 10.692160
700000, 58, 3, 0.072000
700000, 58, 4, 10.620160
700000, 58, 5, 10.764160
700000, 58, 6, 21.096320
700000, 58, 7, 21.096320
700000, 58, 8, 0.072000
700000, 59, 1, 10.548160
700000, 59, 2, 0.072000
700000, 59, 3, 0.072000
700000, 59, 5, 0.072000
700000, 59, 6, 0.144000
700000, 59, 8, 10.548160
700000, 60, 3, 10.610560
700000, 60, 4, 0.072000
700000, 60, 6, 21.240320
700000, 60, 7, 10.620160
700000, 60, 8, 0.144000
700000, 61, 3, 31.644480
700000, 61, 5, 10.548160
700000, 61, 6, 0.144000
700000, 61, 7, 0.072000
700000, 61, 8, 10.548160
700000, 62, 1, 21.168320
700000, 62, 6, 31.644480
700000, 62, 7, 5.069120
700000, 62, 8, 0.072000
700000, 63, 1, 0.072000
700000, 63, 2, 0.072000
700000, 63, 3, 12.802240
700000, 63, 4, 31.644480
700000, 63, 5, 9.558080
700000, 63, 6, 10.548160
700000, 63, 7, 0.038400
700000, 63, 8, 10.548160
700000, 64, 1, 21.168320
700000, 64, 2, 10.548160
700000, 64, 3, 10.620160
700000, 64, 5, 10.548160
700000, 64, 6, 21.096320
700000, 64, 7, 0.144000
700000, 64, 8, 31.644480
700000, 65, 2, 0.072000
700000, 65, 3, 10.548160
700000, 65, 6, 0.072000
700000, 65, 7, 10.548160
700000, 65, 8, 0.144000
700000, 66, 2, 0.072000
700000, 66, 3, 21.096320
700000, 66, 4, 10.548160
700000, 66, 5, 10.653760
700000, 66, 6, 10.620160
700000, 66, 7, 0.072000
700000, 67, 1, 0.072000
700000, 67, 3, 10.615360
700000, 67, 4, 10.620160
700000, 67, 6, 0.043200
700000, 67, 7, 0.072000
700000, 68, 1, 10.548160
700000, 68, 2, 21.096320
700000, 68, 4, 31.644480
700000, 68, 6, 10.548160
700000, 68, 7, 0.072000
700000, 69, 2, 10.620160
700000, 69, 5, 10.548160
700000, 69, 6, 0.072000
700000, 69, 7, 0.216000
700000, 69, 8, 0.072000
700000, 70, 1, 10.663360
700000, 70, 2, 10.620160
700000, 70, 3, 10.548160
700000, 70, 4, 10.548160
700000, 70, 5, 21.389120
700000, 70, 6, 21.096320
700000, 70, 7, 0.072000
700000, 70, 8, 10.620160
700000, 71, 4, 10.548160
700000, 71, 5, 31.644480
700000, 71, 6, 21.168320
700000, 71, 7, 12.792640
700000, 71, 8, 0.072000
700000, 72, 1, 0.144000
700000, 72, 2, 0.072000
700000, 72, 3, 10.620160
700000, 72, 4, 10.620160
700000, 72, 6, 0.072000
700000, 72, 7, 5.793280
700000, 72, 8, 0.288000
700000, 73, 1, 10.692160
700000, 73, 2, 21.096320
700000, 73, 3, 10.620160
700000, 73, 4, 21.240320
700000, 73, 5, 21.096320
700000, 73, 6, 21.096320
700000, 73, 8, 0.144000
700000, 74, 1, 0.072000
700000, 74, 2, 10.620160
700000, 74, 4, 0.302400
700000, 74, 6, 10.620160
700000, 74, 7, 21.168320
700000, 75, 1, 0.072000
700000, 75, 2, 10.620160
700000, 75, 3, 10.620160
700000, 75, 4, 10.548160
700000, 75, 5, 10.548160
700000, 75, 6, 10.548160
700000, 75, 7, 10.548160
700000, 75, 8, 0.144000
700000, 76, 2, 21.168320
700000, 76, 3, 0.072000
700000, 76, 4, 10.548160
700000, 76, 5, 10.620160
700000, 76, 6, 0.144000
700000, 76, 7, 0.072000
700000, 76, 8, 0.072000
700000, 77, 1, 10.548160
700000, 77, 4, 0.072000
700000, 77, 5, 0.072000
700000, 77, 6, 10.548160
700000, 77, 7, 0.043200
700000, 77, 8, 0.072000
700000, 78, 3, 0.144000
700000, 78, 5, 10.620160
700000, 78, 6, 10.548160
700000, 78, 7, 13.588800
700000, 78, 8, 5.793280
700000, 79, 2, 10.692160
700000, 79, 3, 10.548160
700000, 79, 4, 21.096320
700000, 79, 6, 0.072000
700000, 79, 7, 0.072000
700000, 79, 8, 21.240320
700000, 80, 1, 21.096320
700000, 80, 2, 0.052800
700000, 80, 3, 10.548160
700000, 80, 4, 10.620160
700000, 80, 5, 10.764160
700000, 80, 8, 10.548160
700000, 81, 2, 0.072000
700000, 81, 3, 10.548160
700000, 81, 4, 10.586560
700000, 81, 5, 10.548160
700000, 81, 6, 10.586560
700000, 81, 8, 0.072000
700000, 82, 1, 10.548160
700000, 82, 2, 0.072000
700000, 82, 3, 0.288000
700000, 82, 4, 10.548160
700000, 82, 5, 10.620160
700000, 82, 6, 10.620160
700000, 82, 8, 10.548160
700000, 83, 1, 10.548160
700000, 83, 2, 21.225920
700000, 83, 3, 0.144000
700000, 83, 4, 0.062400
700000, 83, 5, 0.072000
700000, 83, 6, 10.548160
700000, 83, 7, 0.072000
700000, 84, 1, 0.144000
700000, 84, 2, 10.548160
700000, 84, 3, 10.548160
700000, 84, 5, 10.548160
700000, 84, 7, 0.062400
700000, 84, 8, 0.072000
700000, 85, 1, 10.548160
700000, 85, 2, 10.620160
700000, 85, 3, 10.548160
700000, 85, 5, 0.072000
700000, 86, 1, 0.072000
700000, 86, 2, 10.548160
700000, 86, 3, 10.620160
700000, 86, 5, 0.072000
700000, 86, 6, 0.072000
700000, 86, 7, 10.620160
700000, 86, 8, 0.072000
700000, 87, 1, 10.548160
700000, 87, 2, 0.072000
700000, 87, 3, 0.072000
700000, 87, 4, 10.620160
700000, 87, 5, 10.692160
700000, 87, 6, 10.548160
700000, 87, 7, 21.096320
700000, 87, 8, 31.644480
700000, 88, 1, 10.620160
700000, 88, 2, 0.144000
700000, 88, 3, 21.168320
700000, 88, 4, 10.725760
700000, 88, 5, 0.072000
700000, 88, 7, 10.548160
700000, 88, 8, 10.548160
700000, 89, 1, 0.072000
700000, 89, 2, 0.072000
700000, 89, 4, 0.072000
700000, 89, 5, 10.548160
700000, 89, 6, 0.072000
700000, 89, 7, 10.548160
700000, 89, 8, 10.548160
800000, 0, 1, 223.047360
800000, 0, 2, 27.587520
800000, 1, 1, 204.509440
800000, 1, 2, 24.618880
800000, 2, 1, 185.480000
800000, 2, 2, 21.312320
800000, 3, 1, 159.499200
800000, 3, 2, 21.240320
800000, 4, 1, 169.850560
800000, 4, 2, 21.317120
800000, 5, 1, 216.870080
800000, 5, 2, 28.616000
800000, 6, 1, 223.004160
800000, 6, 2, 10.807360
800000, 7, 1, 223.433280
800000, 7, 2, 31.798080
800000, 8, 1, 233.633920
800000, 8, 2, 26.805760
800000, 9, 1, 180.902720
800000, 9, 2, 31.860480
800000, 10, 1, 161.304640
800000, 10, 2, 21.312320
800000, 11, 1, 137.925440
800000, 11, 2, 21.650240
800000, 12, 1, 174.895360
800000, 12, 2, 21.240320
800000, 13, 1, 200.176320
800000, 13, 2, 27.191680
800000, 14, 1, 237.463040
800000, 14, 2, 21.365120
800000, 15, 1, 228.622400
800000, 15, 2, 37.991680
800000, 16, 1, 224.881600
800000, 16, 2, 222.922560
800000, 16, 3, 205.732160
800000, 16, 4, 186.606720
800000, 16, 5, 159.374400
800000, 16, 6, 170.268160
800000, 16, 7, 218.683200
800000, 16, 8, 223.052160
800000, 17, 1, 230.432640
800000, 17, 2, 233.283520
800000, 17, 3, 180.437120
800000, 17, 4, 162.498560
800000, 17, 5, 139.474560
800000, 17, 6, 176.766080
800000, 17, 7, 202.051840
800000, 17, 8, 239.117760
800000, 18, 1, 42.408640
800000, 18, 2, 31.860480
800000, 18, 5, 0.024000
800000, 18, 6, 0.072000
800000, 18, 11, 9.099840
800000, 18, 12, 10.620160
800000, 18, 21, 9.099840
800000, 18, 22, 0.072000
800000, 18, 41, 0.072000
800000, 18, 43, 10.548160
800000, 18, 44, 0.144000
800000, 18, 50, 9.099840
800000, 18, 63, 10.620160
800000, 19, 1, 31.860480
800000, 19, 2, 31.889280
800000, 19, 36, 0.072000
800000, 19, 37, 10.548160
800000, 19, 38, 10.548160
800000, 19, 40, 17.475520
800000, 19, 41, 0.072000
800000, 19, 42, 0.072000
800000, 19, 45, 0.072000
800000, 19, 46, 9.099840
800000, 19, 54, 0.072000
800000, 19, 60, 0.072000
800000, 19, 64, 10.548160
800000, 20, 1, 31.802880
800000, 20, 2, 31.812480
800000, 20, 7, 10.548160
800000, 20, 10, 0.072000
800000, 20, 11, 10.548160
800000, 20, 15, 0.072000
800000, 20, 32, 10.548160
800000, 20, 33, 0.072000
800000, 20, 36, 0.072000
800000, 20, 39, 0.072000
800000, 20, 45, 10.548160
800000, 20, 52, 0.072000
800000, 21, 1, 21.249920
800000, 21, 2, 21.365120
800000, 21, 13, 0.072000
800000, 21, 14, 10.548160
800000, 21, 24, 0.072000
800000, 21, 26, 2.582400
800000, 21, 28, 0.072000
800000, 21, 49, 10.548160
800000, 21, 54, 10.548160
800000, 21, 65, 10.620160
800000, 22, 1, 29.402560
800000, 22, 2, 21.321920
800000, 22, 8, 0.033600
800000, 22, 27, 0.409920
800000, 22, 28, 0.072000
800000, 22, 31, 0.072000
800000, 22, 36, 0.072000
800000, 22, 37, 10.548160
800000, 22, 49, 10.548160
800000, 22, 50, 10.548160
800000, 22, 51, 0.129600
800000, 22, 52, 10.548160
800000, 22, 60, 0.004800
800000, 23, 1, 23.966720
800000, 23, 2, 27.273280
800000, 23, 3, 10.600960
800000, 23, 12, 8.375680
800000, 23, 16, 0.072000
800000, 23, 19, 0.072000
800000, 23, 23, 0.024000
800000, 23, 28, 0.072000
800000, 23, 39, 4.754880
800000, 23, 45, 10.548160
800000, 23, 47, 0.052800
800000, 23, 48, 6.927360
800000, 23, 49, 4.030720
800000, 23, 55, 16.027200
800000, 23, 66, 0.072000
800000, 24, 1, 35.138240
800000, 24, 2, 37.320320
800000, 24, 7, 0.072000
800000, 24, 13, 0.144000
800000, 24, 24, 0.067200
800000, 24, 35, 10.548160
800000, 24, 37, 0.072000
800000, 24, 50, 0.072000
800000, 24, 55, 1.858240
800000, 24, 58, 0.057600
800000, 24, 60, 10.620160
800000, 24, 63, 10.548160
800000, 25, 1, 21.365120
800000, 25, 2, 18.487680
800000, 25, 5, 10.548160
800000, 25, 15, 0.091200
800000, 25, 16, 0.072000
800000, 25, 18, 10.548160
800000, 25, 22, 0.024000
800000, 25, 25, 10.548160
800000, 25, 30, 10.548160
800000, 25, 40, 0.072000
800000, 25, 46, 9.171840
800000, 25, 56, 10.548160
800000, 25, 58, 10.548160
800000, 26, 5, 0.057600
800000, 26, 7, 10.548160
800000, 28, 1, 10.548160
800000, 28, 8, 0.038400
800000, 29, 8, 0.072000
800000, 30, 4, 10.548160
800000, 30, 6, 0.072000
800000, 31, 4, 0.038400
800000, 33, 2, 0.072000
800000, 33, 4, 0.004800
800000, 34, 2, 10.548160
800000, 34, 4, 10.548160
800000, 35, 2, 10.548160
800000, 35, 7, 9.099840
800000, 35, 8, 0.072000
800000, 36, 3, 0.072000
800000, 36, 6, 0.144000
800000, 37, 5, 10.548160
800000, 38, 2, 0.072000
800000, 38, 7, 0.091200
800000, 39, 5, 0.072000
800000, 39, 7, 0.072000
800000, 41, 1, 10.548160
800000, 42, 5, 0.072000
800000, 44, 2, 10.548160
800000, 45, 7, 0.038400
800000, 45, 8, 0.072000
800000, 46, 5, 0.033600
800000, 47, 3, 0.072000
800000, 47, 6, 0.072000
800000, 48, 1, 10.548160
800000, 49, 5, 4.754880
800000, 50, 6, 3.306560
800000, 51, 3, 0.072000
800000, 51, 4, 0.072000
800000, 51, 5, 0.072000
800000, 53, 1, 10.548160
800000, 54, 4, 0.072000
800000, 55, 4, 10.548160
800000, 56, 2, 0.072000
800000, 58, 8, 10.548160
800000, 59, 1, 0.072000
800000, 59, 2, 0.072000
800000, 59, 4, 0.072000
800000, 60, 3, 10.557760
800000, 60, 6, 10.620160
800000, 61, 3, 10.548160
800000, 62, 2, 0.072000
800000, 62, 7, 5.479040
800000, 63, 3, 18.923840
800000, 63, 5, 1.134080
800000, 63, 7, 0.072000
800000, 64, 1, 0.072000
800000, 64, 8, 0.072000
800000, 65, 1, 0.072000
800000, 66, 2, 10.548160
800000, 67, 3, 0.004800
800000, 67, 8, 0.144000
800000, 68, 1, 0.072000
800000, 68, 4, 10.548160
800000, 68, 7, 10.548160
800000, 69, 1, 10.548160
800000, 69, 3, 10.548160
800000, 69, 7, 0.072000
800000, 70, 5, 0.067200
800000, 71, 7, 8.375680
800000, 72, 5, 10.548160
800000, 72, 6, 10.548160
800000, 72, 7, 4.754880
800000, 73, 2, 10.548160
800000, 73, 6, 10.620160
800000, 74, 4, 0.129600
800000, 75, 2, 0.072000
800000, 75, 6, 10.548160
800000, 77, 1, 0.072000
800000, 77, 5, 10.548160
800000, 78, 7, 18.199680
800000, 78, 8, 4.754880
800000, 79, 1, 10.548160
800000, 81, 1, 10.548160
800000, 81, 6, 0.072000
800000, 83, 1, 0.072000
800000, 83, 2, 0.014400
800000, 83, 4, 0.009600
800000, 83, 6, 0.072000
800000, 83, 8, 10.548160
800000, 84, 7, 0.009600
800000, 86, 2, 10.548160
800000, 86, 8, 10.620160
800000, 87, 3, 10.548160
800000, 88, 3, 0.072000
800000, 88, 5, 10.548160
800000, 89, 5, 0.072000
1300000, 0, 1, 594.368320
1300000, 0, 2, 84.943360
1300000, 1, 1, 534.636160
1300000, 1, 2, 75.279680
1300000, 2, 1, 531.297920
1300000, 2, 2, 74.521920
1300000, 3, 1, 562.092480
1300000, 3, 2, 78.075520
1300000, 4, 1, 594.152320
1300000, 4, 2, 83.139840
1300000, 5, 1, 594.579520
1300000, 5, 2, 84.895360
1300000, 6, 1, 569.395840
1300000, 6, 2, 78.948480
1300000, 7, 1, 565.563840
1300000, 7, 2, 78.962880
1300000, 8, 1, 618.745600
1300000, 8, 2, 86.813440
1300000, 9, 1, 588.757440
1300000, 9, 2, 82.516480
1300000, 10, 1, 509.947520
1300000, 10, 2, 71.582080
1300000, 11, 1, 507.237440
1300000, 11, 2, 71.577280
1300000, 12, 1, 593.984320
1300000, 12, 2, 84.828160
1300000, 13, 1, 594.603520
1300000, 13, 2, 84.856960
1300000, 14, 1, 614.880000
1300000, 14, 2, 87.796800
1300000, 15, 1, 663.509120
1300000, 15, 2, 94.237440
1300000, 16, 1, 564.326720
1300000, 16, 2, 594.157120
1300000, 16, 3, 532.717440
1300000, 16, 4, 530.022400
1300000, 16, 5, 560.509760
1300000, 16, 6, 592.968000
1300000, 16, 7, 594.387520
1300000, 16, 8, 567.702720
1300000, 17, 1, 662.080000
1300000, 17, 2, 616.793280
1300000, 17, 3, 586.560320
1300000, 17, 4, 507.937600
1300000, 17, 5, 506.393920
1300000, 17, 6, 594.603520
1300000, 17, 7, 594.709120
1300000, 17, 8, 613.858880
1300000, 18, 1, 86.281280
1300000, 18, 2, 70.891520
1300000, 18, 14, 42.188480
1300000, 18, 21, 0.283200
1300000, 18, 23, 0.278400
1300000, 18, 31, 40.836160
1300000, 18, 40, 38.380480
1300000, 18, 46, 42.188480
1300000, 18, 53, 0.153600
1300000, 18, 61, 2.896640
1300000, 19, 1, 78.780480
1300000, 19, 2, 78.104320
1300000, 19, 3, 29.690560
1300000, 19, 10, 0.196800
1300000, 19, 11, 0.206400
1300000, 19, 13, 0.283200
1300000, 19, 23, 42.188480
1300000, 19, 36, 42.188480
1300000, 19, 46, 36.932160
1300000, 19, 50, 0.283200
1300000, 20, 1, 74.435520
1300000, 20, 2, 67.174720
1300000, 20, 4, 42.188480
1300000, 20, 10, 0.129600
1300000, 20, 33, 29.690560
1300000, 20, 37, 0.283200
1300000, 20, 51, 0.177600
1300000, 20, 57, 68.982400
1300000, 20, 60, 0.283200
1300000, 21, 1, 63.597120
1300000, 21, 2, 66.445760
1300000, 21, 6, 0.110400
1300000, 21, 11, 0.283200
1300000, 21, 25, 0.124800
1300000, 21, 26, 26.069760
1300000, 21, 36, 42.188480
1300000, 21, 39, 33.311360
1300000, 21, 47, 42.188480
1300000, 21, 58, 0.283200
1300000, 22, 1, 63.630720
1300000, 22, 2, 70.176960
1300000, 22, 4, 0.283200
1300000, 22, 7, 42.188480
1300000, 22, 18, 0.105600
1300000, 22, 35, 42.188480
1300000, 22, 36, 0.153600
1300000, 22, 39, 42.188480
1300000, 22, 52, 38.380480
1300000, 22, 63, 0.283200
1300000, 23, 1, 81.053760
1300000, 23, 2, 75.289280
1300000, 23, 5, 42.188480
1300000, 23, 19, 42.188480
1300000, 23, 25, 0.220800
1300000, 23, 26, 42.188480
1300000, 23, 35, 0.187200
1300000, 23, 39, 42.188480
1300000, 23, 45, 0.283200
1300000, 23, 53, 0.283200
1300000, 24, 1, 84.789760
1300000, 24, 2, 81.830720
1300000, 24, 3, 0.283200
1300000, 24, 13, 42.188480
1300000, 24, 14, 0.283200
1300000, 24, 41, 0.259200
1300000, 24, 45, 34.035520
1300000, 24, 52, 42.188480
1300000, 24, 55, 42.188480
1300000, 24, 58, 0.225600
1300000, 25, 1, 84.789760
1300000, 25, 2, 70.963520
1300000, 25, 3, 42.188480
1300000, 25, 17, 42.188480
1300000, 25, 27, 7.241600
1300000, 25, 29, 0.153600
1300000, 25, 39, 34.035520
1300000, 25, 47, 0.283200
1300000, 25, 57, 0.283200
1300000, 25, 65, 42.188480
1300000, 25, 66, 0.283200
1300000, 26, 1, 42.188480
1300000, 26, 3, 26.793920
1300000, 26, 6, 0.283200
1300000, 27, 4, 42.471680
1300000, 28, 7, 42.188480
1300000, 29, 3, 0.096000
1300000, 30, 6, 42.188480
1300000, 33, 1, 0.187200
1300000, 33, 2, 0.115200
1300000, 34, 1, 0.192000
1300000, 34, 3, 0.283200
1300000, 36, 1, 0.283200
1300000, 36, 8, 42.188480
1300000, 37, 2, 42.188480
1300000, 37, 6, 0.283200
1300000, 40, 1, 42.188480
1300000, 41, 4, 0.091200
1300000, 42, 7, 42.188480
1300000, 44, 8, 0.283200
1300000, 46, 3, 42.188480
1300000, 46, 8, 0.264000
1300000, 48, 3, 0.110400
1300000, 48, 5, 0.211200
1300000, 49, 5, 23.173120
1300000, 49, 7, 42.001280
1300000, 50, 1, 4.344960
1300000, 52, 7, 0.139200
1300000, 54, 2, 37.656320
1300000, 54, 8, 0.283200
1300000, 56, 4, 26.793920
1300000, 58, 5, 0.172800
1300000, 58, 6, 42.188480
1300000, 59, 3, 42.188480
1300000, 59, 4, 0.144000
1300000, 59, 5, 42.188480
1300000, 60, 2, 0.283200
1300000, 62, 1, 31.138880
1300000, 62, 5, 30.414720
1300000, 62, 6, 41.277120
1300000, 62, 7, 42.188480
1300000, 63, 2, 36.932160
1300000, 64, 6, 0.249600
1300000, 68, 5, 0.283200
1300000, 68, 8, 31.138880
1300000, 69, 2, 42.188480
1300000, 69, 3, 34.035520
1300000, 70, 5, 42.188480
1300000, 70, 7, 0.273600
1300000, 73, 1, 0.283200
1300000, 74, 2, 0.163200
1300000, 75, 6, 35.483840
1300000, 75, 8, 42.188480
1300000, 76, 5, 0.283200
1300000, 76, 8, 0.139200
1300000, 78, 8, 42.188480
1300000, 80, 4, 66.085760
1300000, 80, 7, 0.283200
1300000, 81, 3, 0.283200
1300000, 81, 6, 0.216000
1300000, 83, 2, 0.283200
1300000, 84, 2, 1.448320
1300000, 86, 4, 0.283200
1300000, 88, 1, 42.188480
1300000, 89, 7, 0.283200
1400000, 0, 1, 2236.420480
1400000, 0, 2, 339.783040
1400000, 1, 1, 2413.854720
1400000, 1, 2, 369.756800
1400000, 2, 1, 2464.336000
1400000, 2, 2, 358.582400
1400000, 3, 1, 2445.780160
1400000, 3, 2, 331.807680
1400000, 4, 1, 2339.203840
1400000, 4, 2, 318.772800
1400000, 5, 1, 2317.094400
1400000, 5, 2, 318.604800
1400000, 6, 1, 2456.930560
1400000, 6, 2, 345.768320
1400000, 7, 1, 2373.532800
1400000, 7, 2, 342.008320
1400000, 8, 1, 2471.332160
1400000, 8, 2, 355.719360
1400000, 9, 1, 2487.849280
1400000, 9, 2, 363.915520
1400000, 10, 1, 2606.574400
1400000, 10, 2, 367.675520
1400000, 11, 1, 2544.009280
1400000, 11, 2, 369.584000
1400000, 12, 1, 2316.496320
1400000, 12, 2, 346.947840
1400000, 13, 1, 2242.515520
1400000, 13, 2, 348.319360
1400000, 14, 1, 2349.935360
1400000, 14, 2, 357.699840
1400000, 15, 1, 2351.615360
1400000, 15, 2, 344.890560
1400000, 16, 1, 2372.011200
1400000, 16, 2, 2235.260160
1400000, 16, 3, 2415.414720
1400000, 16, 4, 2464.532800
1400000, 16, 5, 2445.487360
1400000, 16, 6, 2338.301440
1400000, 16, 7, 2316.457280
1400000, 16, 8, 2457.343360
1400000, 17, 1, 2353.879680
1400000, 17, 2, 2472.205760
1400000, 17, 3, 2488.766080
1400000, 17, 4, 2606.958400
1400000, 17, 5, 2542.007680
1400000, 17, 6, 2312.998400
1400000, 17, 7, 2241.331200
1400000, 17, 8, 2350.727360
1400000, 18, 1, 342.535680
1400000, 18, 2, 342.051520
1400000, 18, 4, 0.168000
1400000, 18, 6, 42.188480
1400000, 18, 7, 0.283200
1400000, 18, 12, 42.471680
1400000, 18, 15, 2.172480
1400000, 18, 17, 42.188480
1400000, 18, 22, 42.188480
1400000, 18, 23, 42.193280
1400000, 18, 24, 22.732160
1400000, 18, 26, 42.471680
1400000, 18, 29, 0.283200
1400000, 18, 31, 1.635520
1400000, 18, 34, 0.014400
1400000, 18, 35, 42.188480
1400000, 18, 36, 84.660160
1400000, 18, 37, 42.188480
1400000, 18, 38, 42.188480
1400000, 18, 40, 4.072000
1400000, 18, 41, 42.188480
1400000, 18, 43, 0.566400
1400000, 18, 44, 0.283200
1400000, 18, 46, 0.283200
1400000, 18, 49, 0.283200
1400000, 18, 53, 0.129600
1400000, 18, 56, 32.870400
1400000, 18, 57, 42.188480
1400000, 18, 58, 42.188480
1400000, 18, 61, 39.291840
1400000, 18, 62, 0.283200
1400000, 18, 65, 0.283200
1400000, 19, 1, 355.906560
1400000, 19, 2, 346.646080
1400000, 19, 3, 12.781120
1400000, 19, 8, 42.188480
1400000, 19, 10, 1.817920
1400000, 19, 11, 101.833600
1400000, 19, 12, 0.283200
1400000, 19, 14, 0.283200
1400000, 19, 16, 0.120000
1400000, 19, 18, 0.283200
1400000, 19, 30, 0.283200
1400000, 19, 31, 0.283200
1400000, 19, 34, 42.188480
1400000, 19, 38, 0.264000
1400000, 19, 40, 0.283200
1400000, 19, 41, 0.283200
1400000, 19, 42, 42.188480
1400000, 19, 43, 43.038080
1400000, 19, 44, 42.188480
1400000, 19, 45, 42.471680
1400000, 19, 46, 5.256320
1400000, 19, 49, 84.376960
1400000, 19, 50, 42.188480
1400000, 19, 54, 0.192000
1400000, 19, 55, 84.376960
1400000, 19, 60, 42.188480
1400000, 19, 61, 42.188480
1400000, 19, 62, 0.283200
1400000, 19, 63, 18.104000
1400000, 19, 66, 42.188480
1400000, 20, 1, 363.973120
1400000, 20, 2, 369.128640
1400000, 20, 3, 0.283200
1400000, 20, 10, 0.436800
1400000, 20, 11, 0.283200
1400000, 20, 14, 42.188480
1400000, 20, 15, 0.283200
1400000, 20, 16, 42.188480
1400000, 20, 19, 0.283200
1400000, 20, 21, 42.188480
1400000, 20, 24, 42.471680
1400000, 20, 26, 42.188480
1400000, 20, 33, 54.686400
1400000, 20, 39, 42.188480
1400000, 20, 40, 42.754880
1400000, 20, 41, 42.188480
1400000, 20, 44, 13.034880
1400000, 20, 48, 0.283200
1400000, 20, 49, 0.283200
1400000, 20, 50, 0.283200
1400000, 20, 51, 84.482560
1400000, 20, 53, 0.566400
1400000, 20, 54, 42.246080
1400000, 20, 55, 0.283200
1400000, 20, 57, 15.394560
1400000, 20, 59, 40.552960
1400000, 20, 60, 12.310720
1400000, 20, 61, 42.188480
1400000, 20, 62, 42.188480
1400000, 20, 63, 36.208000
1400000, 20, 64, 0.331200
1400000, 20, 65, 0.283200
1400000, 21, 1, 367.406720
1400000, 21, 2, 358.601600
1400000, 21, 3, 0.283200
1400000, 21, 6, 38.836480
1400000, 21, 8, 42.188480
1400000, 21, 14, 0.244800
1400000, 21, 16, 84.376960
1400000, 21, 17, 0.283200
1400000, 21, 19, 0.283200
1400000, 21, 21, 0.283200
1400000, 21, 22, 0.283200
1400000, 21, 23, 0.566400
1400000, 21, 25, 0.158400
1400000, 21, 26, 16.118720
1400000, 21, 28, 10.138240
1400000, 21, 29, 0.062400
1400000, 21, 30, 42.188480
1400000, 21, 32, 21.000640
1400000, 21, 33, 42.471680
1400000, 21, 34, 42.188480
1400000, 21, 39, 9.097920
1400000, 21, 42, 42.471680
1400000, 21, 45, 60.292480
1400000, 21, 46, 76.948160
1400000, 21, 47, 42.471680
1400000, 21, 48, 42.188480
1400000, 21, 54, 0.283200
1400000, 21, 55, 0.283200
1400000, 21, 61, 0.283200
1400000, 21, 62, 42.188480
1400000, 21, 65, 42.198080
1400000, 22, 1, 367.857280
1400000, 22, 2, 330.186560
1400000, 22, 5, 42.188480
1400000, 22, 6, 0.283200
1400000, 22, 7, 42.188480
1400000, 22, 8, 42.754880
1400000, 22, 9, 42.471680
1400000, 22, 10, 42.188480
1400000, 22, 13, 42.188480
1400000, 22, 14, 0.283200
1400000, 22, 18, 0.652800
1400000, 22, 19, 41.277120
1400000, 22, 25, 0.283200
1400000, 22, 28, 42.188480
1400000, 22, 30, 0.278400
1400000, 22, 32, 5.069120
1400000, 22, 35, 0.283200
1400000, 22, 36, 0.129600
1400000, 22, 42, 42.471680
1400000, 22, 44, 42.188480
1400000, 22, 47, 15.931520
1400000, 22, 48, 0.283200
1400000, 22, 49, 42.188480
1400000, 22, 51, 41.502720
1400000, 22, 52, 4.091200
1400000, 22, 53, 0.043200
1400000, 22, 56, 42.188480
1400000, 22, 57, 42.188480
1400000, 22, 58, 0.096000
1400000, 22, 59, 1.448320
1400000, 22, 61, 0.283200
1400000, 22, 62, 0.096000
1400000, 22, 64, 42.188480
1400000, 23, 1, 342.492480
1400000, 23, 2, 318.638400
1400000, 23, 3, 0.283200
1400000, 23, 4, 42.188480
1400000, 23, 5, 0.283200
1400000, 23, 8, 42.188480
1400000, 23, 9, 42.188480
1400000, 23, 10, 42.188480
1400000, 23, 11, 5.793280
1400000, 23, 14, 0.283200
1400000, 23, 17, 42.188480
1400000, 23, 20, 0.283200
1400000, 23, 22, 42.188480
1400000, 23, 25, 84.439360
1400000, 23, 29, 42.423680
1400000, 23, 32, 18.104000
1400000, 23, 33, 42.471680
1400000, 23, 35, 0.379200
1400000, 23, 37, 84.376960
1400000, 23, 38, 42.471680
1400000, 23, 40, 0.283200
1400000, 23, 44, 42.188480
1400000, 23, 46, 0.283200
1400000, 23, 47, 0.244800
1400000, 23, 48, 0.076800
1400000, 23, 51, 42.471680
1400000, 23, 55, 0.283200
1400000, 23, 61, 0.283200
1400000, 23, 63, 0.283200
1400000, 24, 1, 339.811840
1400000, 24, 2, 313.756480
1400000, 24, 4, 0.283200
1400000, 24, 6, 42.188480
1400000, 24, 8, 42.188480
1400000, 24, 9, 42.188480
1400000, 24, 10, 0.283200
1400000, 24, 12, 84.660160
1400000, 24, 14, 0.283200
1400000, 24, 16, 0.283200
1400000, 24, 17, 42.188480
1400000, 24, 22, 82.017280
1400000, 24, 25, 42.188480
1400000, 24, 30, 42.188480
1400000, 24, 33, 42.188480
1400000, 24, 34, 42.188480
1400000, 24, 40, 42.188480
1400000, 24, 41, 0.024000
1400000, 24, 42, 0.048000
1400000, 24, 45, 8.152960
1400000, 24, 47, 0.283200
1400000, 24, 51, 0.283200
1400000, 24, 52, 0.283200
1400000, 24, 53, 0.283200
1400000, 24, 54, 84.376960
1400000, 24, 58, 0.340800
1400000, 24, 60, 60.858880
1400000, 24, 62, 0.283200
1400000, 24, 64, 0.566400
1400000, 25, 1, 352.817920
1400000, 25, 2, 346.290880
1400000, 25, 3, 42.188480
1400000, 25, 5, 0.283200
1400000, 25, 9, 42.188480
1400000, 25, 16, 42.471680
1400000, 25, 17, 11.586560
1400000, 25, 18, 0.283200
1400000, 25, 19, 42.471680
1400000, 25, 21, 0.465600
1400000, 25, 24, 0.283200
1400000, 25, 26, 42.188480
1400000, 25, 27, 34.946880
1400000, 25, 29, 0.129600
1400000, 25, 35, 42.188480
1400000, 25, 36, 42.471680
1400000, 25, 37, 0.283200
1400000, 25, 38, 84.376960
1400000, 25, 39, 8.152960
1400000, 25, 42, 0.283200
1400000, 25, 43, 36.491200
1400000, 25, 47, 42.471680
1400000, 25, 50, 0.283200
1400000, 25, 52, 42.471680
1400000, 25, 53, 0.283200
1400000, 25, 54, 84.376960
1400000, 25, 58, 0.067200
1400000, 25, 64, 0.283200
1400000, 25, 66, 42.188480
1400000, 26, 1, 42.471680
1400000, 26, 2, 0.283200
1400000, 26, 3, 15.677760
1400000, 26, 5, 0.283200
1400000, 27, 6, 0.283200
1400000, 27, 7, 42.188480
1400000, 27, 8, 0.158400
1400000, 28, 5, 0.283200
1400000, 28, 6, 42.188480
1400000, 28, 7, 0.283200
1400000, 29, 2, 42.188480
1400000, 29, 3, 0.470400
1400000, 29, 4, 0.283200
1400000, 29, 5, 36.932160
1400000, 29, 8, 42.188480
1400000, 30, 6, 42.188480
1400000, 30, 8, 0.283200
1400000, 31, 3, 42.188480
1400000, 31, 4, 0.566400
1400000, 31, 5, 42.188480
1400000, 31, 6, 42.188480
1400000, 31, 7, 42.188480
1400000, 31, 8, 42.188480
1400000, 32, 1, 42.188480
1400000, 32, 4, 0.283200
1400000, 32, 6, 42.188480
1400000, 32, 7, 42.188480
1400000, 32, 8, 42.188480
1400000, 33, 1, 0.379200
1400000, 33, 2, 0.451200
1400000, 33, 6, 42.471680
1400000, 33, 7, 42.188480
1400000, 34, 1, 0.091200
1400000, 34, 2, 0.283200
1400000, 34, 3, 98.860160
1400000, 34, 7, 2.896640
1400000, 35, 1, 0.283200
1400000, 35, 2, 42.188480
1400000, 35, 6, 0.283200
1400000, 35, 8, 84.660160
1400000, 36, 6, 42.188480
1400000, 37, 1, 0.283200
1400000, 37, 3, 0.240000
1400000, 37, 4, 42.471680
1400000, 37, 5, 0.283200
1400000, 37, 6, 0.283200
1400000, 38, 2, 1.731520
1400000, 39, 1, 42.303680
1400000, 39, 4, 42.188480
1400000, 39, 5, 84.376960
1400000, 39, 6, 0.283200
1400000, 39, 7, 0.283200
1400000, 40, 1, 8.689920
1400000, 40, 2, 42.188480
1400000, 40, 3, 0.283200
1400000, 40, 7, 42.188480
1400000, 40, 8, 42.188480
1400000, 41, 1, 0.283200
1400000, 41, 4, 0.662400
1400000, 41, 7, 0.283200
1400000, 42, 1, 42.188480
1400000, 42, 2, 0.283200
1400000, 42, 3, 0.283200
1400000, 42, 6, 40.552960
1400000, 42, 7, 0.283200
1400000, 43, 5, 0.283200
1400000, 44, 3, 0.283200
1400000, 44, 4, 42.188480
1400000, 44, 7, 0.446400
1400000, 45, 2, 42.188480
1400000, 45, 3, 0.283200
1400000, 45, 7, 42.188480
1400000, 45, 8, 79.844800
1400000, 46, 2, 42.188480
1400000, 46, 3, 0.566400
1400000, 46, 8, 0.019200
1400000, 47, 2, 22.008000
1400000, 47, 4, 42.188480
1400000, 47, 7, 0.283200
1400000, 47, 8, 0.283200
1400000, 48, 3, 0.172800
1400000, 48, 4, 0.283200
1400000, 48, 5, 0.072000
1400000, 48, 7, 84.376960
1400000, 48, 8, 42.188480
1400000, 49, 1, 42.188480
1400000, 49, 2, 42.188480
1400000, 49, 4, 42.188480
1400000, 49, 5, 19.015360
1400000, 49, 7, 0.187200
1400000, 49, 8, 0.283200
1400000, 50, 1, 37.843520
1400000, 51, 5, 9.414080
1400000, 51, 6, 42.188480
1400000, 52, 3, 0.057600
1400000, 52, 5, 0.225600
1400000, 52, 7, 42.332480
1400000, 52, 8, 0.283200
1400000, 53, 1, 0.283200
1400000, 53, 4, 0.273600
1400000, 53, 5, 42.188480
1400000, 53, 8, 42.188480
1400000, 54, 1, 0.283200
1400000, 54, 2, 4.532160
1400000, 55, 5, 19.552320
1400000, 55, 6, 4.344960
1400000, 55, 7, 15.931520
1400000, 56, 3, 0.283200
1400000, 56, 4, 57.583040
1400000, 56, 5, 42.471680
1400000, 56, 7, 42.188480
1400000, 56, 8, 42.188480
1400000, 57, 3, 42.188480
1400000, 57, 5, 42.188480
1400000, 57, 8, 42.198080
1400000, 58, 1, 42.188480
1400000, 58, 2, 42.188480
1400000, 58, 4, 0.283200
1400000, 58, 5, 0.393600
1400000, 59, 1, 42.188480
1400000, 59, 2, 84.376960
1400000, 59, 4, 0.139200
1400000, 59, 7, 0.283200
1400000, 59, 8, 0.283200
1400000, 60, 2, 42.188480
1400000, 60, 7, 84.660160
1400000, 61, 1, 84.636160
1400000, 61, 2, 42.188480
1400000, 61, 5, 0.283200
1400000, 61, 7, 42.188480
1400000, 62, 1, 11.049600
1400000, 62, 3, 0.216000
1400000, 62, 4, 42.188480
1400000, 62, 5, 11.773760
1400000, 62, 6, 0.911360
1400000, 63, 1, 0.283200
1400000, 63, 2, 5.822720
1400000, 63, 4, 42.188480
1400000, 63, 5, 0.283200
1400000, 63, 8, 42.442880
1400000, 64, 1, 0.283200
1400000, 64, 2, 42.188480
1400000, 64, 4, 42.188480
1400000, 64, 6, 0.033600
1400000, 65, 3, 42.471680
1400000, 65, 4, 0.283200
1400000, 65, 5, 42.188480
1400000, 65, 6, 42.226880
1400000, 65, 7, 0.283200
1400000, 66, 1, 34.160960
1400000, 66, 3, 42.188480
1400000, 66, 7, 0.283200
1400000, 66, 8, 0.566400
1400000, 67, 3, 42.188480
1400000, 67, 4, 12.310720
1400000, 67, 6, 42.188480
1400000, 67, 7, 42.188480
1400000, 67, 8, 0.283200
1400000, 68, 1, 0.283200
1400000, 68, 3, 42.188480
1400000, 68, 5, 59.568320
1400000, 68, 8, 11.049600
1400000, 69, 3, 8.152960
1400000, 69, 5, 75.783040
1400000, 69, 8, 0.283200
1400000, 70, 1, 42.188480
1400000, 70, 3, 0.283200
1400000, 70, 5, 42.423680
1400000, 70, 6, 15.490560
1400000, 70, 7, 0.292800
1400000, 71, 2, 0.283200
1400000, 71, 4, 0.283200
1400000, 71, 5, 42.260480
1400000, 72, 2, 0.283200
1400000, 72, 3, 84.376960
1400000, 72, 6, 42.188480
1400000, 72, 8, 0.283200
1400000, 73, 2, 0.283200
1400000, 73, 3, 42.188480
1400000, 73, 7, 0.283200
1400000, 74, 2, 0.120000
1400000, 74, 4, 84.602560
1400000, 74, 5, 0.283200
1400000, 74, 6, 40.112000
1400000, 74, 7, 42.188480
1400000, 75, 1, 42.188480
1400000, 75, 4, 0.283200
1400000, 75, 6, 6.987840
1400000, 75, 7, 0.283200
1400000, 76, 2, 0.566400
1400000, 76, 4, 0.038400
1400000, 76, 6, 0.283200
1400000, 76, 7, 0.283200
1400000, 76, 8, 0.144000
1400000, 77, 1, 84.559360
1400000, 77, 2, 0.043200
1400000, 77, 3, 0.283200
1400000, 77, 4, 42.188480
1400000, 77, 8, 84.376960
1400000, 78, 2, 0.283200
1400000, 78, 3, 84.660160
1400000, 78, 5, 0.283200
1400000, 79, 2, 31.863040
1400000, 79, 6, 42.188480
1400000, 79, 8, 0.283200
1400000, 80, 2, 42.188480
1400000, 80, 4, 18.291200
1400000, 80, 6, 42.188480
1400000, 81, 2, 42.188480
1400000, 81, 4, 0.091200
1400000, 81, 6, 0.350400
1400000, 81, 7, 0.057600
1400000, 82, 4, 39.104640
1400000, 82, 6, 0.724160
1400000, 83, 3, 42.188480
1400000, 83, 4, 9.414080
1400000, 83, 6, 0.566400
1400000, 83, 8, 58.120000
1400000, 84, 2, 40.740160
1400000, 84, 3, 42.471680
1400000, 84, 4, 42.471680
1400000, 84, 5, 0.283200
1400000, 85, 1, 0.283200
1400000, 85, 4, 42.284480
1400000, 85, 5, 42.188480
1400000, 85, 6, 0.283200
1400000, 85, 8, 0.283200
1400000, 86, 3, 16.655680
1400000, 86, 4, 35.483840
1400000, 86, 5, 0.283200
1400000, 87, 2, 0.316800
1400000, 87, 6, 42.754880
1400000, 87, 7, 0.283200
1400000, 88, 2, 0.283200
1400000, 88, 5, 42.188480
1400000, 88, 8, 0.283200
1400000, 89, 1, 42.188480
1400000, 89, 3, 42.188480
1500000, 0, 1, 2715.415040
1500000, 0, 2, 349.470720
1500000, 1, 1, 2657.343680
1500000, 1, 2, 337.504960
1500000, 2, 1, 2521.881280
1500000, 2, 2, 349.010560
1500000, 3, 1, 2407.439360
1500000, 3, 2, 377.612160
1500000, 4, 1, 2405.409600
1500000, 4, 2, 354.175040
1500000, 5, 1, 2496.122240
1500000, 5, 2, 360.802880
1500000, 6, 1, 2570.433600
1500000, 6, 2, 334.800320
1500000, 7, 1, 2656.009280
1500000, 7, 2, 359.853760
1500000, 8, 1, 2382.212480
1500000, 8, 2, 353.129920
1500000, 9, 1, 2276.321920
1500000, 9, 2, 366.576960
1500000, 10, 1, 2115.024320
1500000, 10, 2, 340.286400
1500000, 11, 1, 2214.972800
1500000, 11, 2, 297.110400
1500000, 12, 1, 2534.899840
1500000, 12, 2, 332.791040
1500000, 13, 1, 2724.233920
1500000, 13, 2, 373.368000
1500000, 14, 1, 2582.443200
1500000, 14, 2, 390.791040
1500000, 15, 1, 2438.966400
1500000, 15, 2, 381.012160
1500000, 16, 1, 2656.969280
1500000, 16, 2, 2715.453440
1500000, 16, 3, 2657.491200
1500000, 16, 4, 2520.201280
1500000, 16, 5, 2406.671360
1500000, 16, 6, 2405.995200
1500000, 16, 7, 2497.235840
1500000, 16, 8, 2571.494400
1500000, 17, 1, 2436.178880
1500000, 17, 2, 2381.194880
1500000, 17, 3, 2275.265280
1500000, 17, 4, 2114.625920
1500000, 17, 5, 2219.262720
1500000, 17, 6, 2538.269440
1500000, 17, 7, 2724.517120
1500000, 17, 8, 2580.489600
1500000, 18, 1, 382.743680
1500000, 18, 2, 359.604160
1500000, 18, 4, 0.115200
1500000, 18, 13, 0.283200
1500000, 18, 14, 0.283200
1500000, 18, 15, 40.016000
1500000, 18, 17, 0.283200
1500000, 18, 19, 48.705920
1500000, 18, 21, 0.283200
1500000, 18, 24, 19.739520
1500000, 18, 25, 0.283200
1500000, 18, 26, 42.188480
1500000, 18, 27, 0.566400
1500000, 18, 29, 0.024000
1500000, 18, 30, 0.283200
1500000, 18, 32, 84.660160
1500000, 18, 33, 42.188480
1500000, 18, 34, 0.268800
1500000, 18, 35, 42.471680
1500000, 18, 37, 0.283200
1500000, 18, 40, 0.192000
1500000, 18, 41, 0.105600
1500000, 18, 42, 28.966400
1500000, 18, 43, 42.188480
1500000, 18, 50, 42.471680
1500000, 18, 56, 9.601280
1500000, 18, 57, 42.188480
1500000, 18, 59, 42.471680
1500000, 18, 60, 42.188480
1500000, 18, 61, 42.188480
1500000, 18, 64, 42.471680
1500000, 18, 65, 0.283200
1500000, 18, 66, 42.188480
1500000, 19, 1, 352.966720
1500000, 19, 2, 341.394560
1500000, 19, 5, 84.660160
1500000, 19, 10, 40.740160
1500000, 19, 11, 24.808640
1500000, 19, 16, 0.446400
1500000, 19, 22, 42.188480
1500000, 19, 23, 42.188480
1500000, 19, 26, 0.283200
1500000, 19, 28, 42.471680
1500000, 19, 29, 0.283200
1500000, 19, 31, 42.188480
1500000, 19, 35, 20.276480
1500000, 19, 38, 0.302400
1500000, 19, 40, 42.471680
1500000, 19, 41, 0.283200
1500000, 19, 44, 0.120000
1500000, 19, 45, 0.283200
1500000, 19, 48, 42.188480
1500000, 19, 50, 42.754880
1500000, 19, 51, 42.188480
1500000, 19, 54, 0.657600
1500000, 19, 55, 37.656320
1500000, 19, 56, 41.277120
1500000, 19, 57, 21.724800
1500000, 19, 58, 66.085760
1500000, 19, 61, 0.283200
1500000, 19, 63, 24.084480
1500000, 19, 65, 0.283200
1500000, 20, 1, 365.900800
1500000, 20, 2, 337.926720
1500000, 20, 4, 0.283200
1500000, 20, 5, 0.283200
1500000, 20, 7, 0.283200
1500000, 20, 11, 0.283200
1500000, 20, 13, 42.188480
1500000, 20, 17, 84.376960
1500000, 20, 23, 42.313280
1500000, 20, 24, 42.188480
1500000, 20, 25, 81.293120
1500000, 20, 27, 0.283200
1500000, 20, 30, 0.283200
1500000, 20, 33, 42.188480
1500000, 20, 35, 42.188480
1500000, 20, 36, 57.395840
1500000, 20, 38, 0.249600
1500000, 20, 39, 15.490560
1500000, 20, 42, 42.414080
1500000, 20, 43, 42.188480
1500000, 20, 44, 29.153600
1500000, 20, 47, 42.188480
1500000, 20, 49, 0.393600
1500000, 20, 54, 0.225600
1500000, 20, 56, 0.110400
1500000, 20, 58, 0.566400
1500000, 20, 59, 1.635520
1500000, 20, 60, 29.877760
1500000, 20, 62, 0.283200
1500000, 20, 63, 48.452160
1500000, 20, 64, 0.235200
1500000, 21, 1, 339.850240
1500000, 21, 2, 347.849600
1500000, 21, 6, 3.808000
1500000, 21, 11, 42.188480
1500000, 21, 12, 0.283200
1500000, 21, 13, 27.518080
1500000, 21, 14, 0.038400
1500000, 21, 16, 0.283200
1500000, 21, 17, 42.188480
1500000, 21, 18, 13.034880
1500000, 21, 21, 42.188480
1500000, 21, 24, 0.283200
1500000, 21, 25, 42.188480
1500000, 21, 28, 32.050240
1500000, 21, 29, 0.220800
1500000, 21, 30, 0.283200
1500000, 21, 32, 21.187840
1500000, 21, 33, 0.283200
1500000, 21, 34, 0.283200
1500000, 21, 35, 42.471680
1500000, 21, 37, 0.268800
1500000, 21, 39, 42.534080
1500000, 21, 41, 34.759680
1500000, 21, 42, 0.283200
1500000, 21, 43, 42.188480
1500000, 21, 44, 0.225600
1500000, 21, 45, 24.084480
1500000, 21, 46, 7.428800
1500000, 21, 47, 42.188480
1500000, 21, 49, 42.188480
1500000, 21, 52, 42.188480
1500000, 21, 54, 0.038400
1500000, 21, 55, 0.062400
1500000, 21, 57, 42.188480
1500000, 21, 58, 42.471680
1500000, 21, 62, 0.283200
1500000, 21, 63, 0.283200
1500000, 21, 65, 0.273600
1500000, 22, 1, 298.606720
1500000, 22, 2, 379.146880
1500000, 22, 7, 42.188480
1500000, 22, 12, 0.283200
1500000, 22, 13, 0.283200
1500000, 22, 15, 0.196800
1500000, 22, 17, 0.283200
1500000, 22, 18, 0.091200
1500000, 22, 19, 43.099840
1500000, 22, 20, 0.283200
1500000, 22, 22, 42.188480
1500000, 22, 27, 30.414720
1500000, 22, 29, 42.471680
1500000, 22, 30, 42.193280
1500000, 22, 32, 37.119360
1500000, 22, 33, 0.148800
1500000, 22, 35, 42.188480
1500000, 22, 37, 0.019200
1500000, 22, 42, 0.283200
1500000, 22, 43, 42.188480
1500000, 22, 47, 110.633920
1500000, 22, 48, 0.283200
1500000, 22, 50, 0.283200
1500000, 22, 51, 0.968960
1500000, 22, 53, 0.523200
1500000, 22, 55, 0.283200
1500000, 22, 56, 1.007360
1500000, 22, 58, 42.375680
1500000, 22, 59, 82.928640
1500000, 22, 61, 42.188480
1500000, 22, 62, 0.187200
1500000, 22, 63, 0.283200
1500000, 22, 65, 42.188480
1500000, 23, 1, 340.819200
1500000, 23, 2, 354.002880
1500000, 23, 9, 42.188480
1500000, 23, 10, 42.188480
1500000, 23, 11, 36.395200
1500000, 23, 12, 42.471680
1500000, 23, 13, 84.376960
1500000, 23, 14, 42.188480
1500000, 23, 15, 42.188480
1500000, 23, 23, 0.283200
1500000, 23, 27, 42.188480
1500000, 23, 29, 0.048000
1500000, 23, 31, 42.471680
1500000, 23, 32, 24.367680
1500000, 23, 33, 0.139200
1500000, 23, 36, 42.188480
1500000, 23, 39, 0.283200
1500000, 23, 41, 0.283200
1500000, 23, 42, 39.387840
1500000, 23, 44, 42.188480
1500000, 23, 47, 84.415360
1500000, 23, 48, 0.489600
1500000, 23, 54, 0.283200
1500000, 23, 55, 42.188480
1500000, 23, 56, 0.566400
1500000, 23, 57, 0.566400
1500000, 23, 60, 42.188480
1500000, 23, 66, 0.566400
1500000, 24, 1, 381.923520
1500000, 24, 2, 360.385920
1500000, 24, 3, 42.188480
1500000, 24, 4, 42.471680
1500000, 24, 8, 84.376960
1500000, 24, 9, 42.188480
1500000, 24, 11, 42.188480
1500000, 24, 12, 42.188480
1500000, 24, 15, 0.192000
1500000, 24, 16, 84.660160
1500000, 24, 17, 0.283200
1500000, 24, 22, 2.926080
1500000, 24, 25, 42.188480
1500000, 24, 28, 0.283200
1500000, 24, 29, 27.518080
1500000, 24, 30, 0.283200
1500000, 24, 31, 42.188480
1500000, 24, 33, 0.283200
1500000, 24, 36, 42.188480
1500000, 24, 42, 42.423680
1500000, 24, 43, 0.283200
1500000, 24, 45, 0.283200
1500000, 24, 48, 0.283200
1500000, 24, 50, 0.283200
1500000, 24, 54, 42.188480
1500000, 24, 57, 0.283200
1500000, 24, 58, 34.035520
1500000, 24, 60, 24.367680
1500000, 24, 61, 0.283200
1500000, 24, 63, 42.471680
1500000, 25, 1, 390.608640
1500000, 25, 2, 334.263360
1500000, 25, 3, 0.283200
1500000, 25, 4, 19.835520
1500000, 25, 5, 42.188480
1500000, 25, 6, 84.376960
1500000, 25, 8, 0.283200
1500000, 25, 9, 42.188480
1500000, 25, 11, 45.809280
1500000, 25, 12, 42.471680
1500000, 25, 15, 0.244800
1500000, 25, 17, 30.601920
1500000, 25, 21, 29.791360
1500000, 25, 24, 0.283200
1500000, 25, 25, 0.283200
1500000, 25, 27, 42.188480
1500000, 25, 28, 0.283200
1500000, 25, 30, 0.283200
1500000, 25, 32, 42.188480
1500000, 25, 35, 42.188480
1500000, 25, 38, 84.376960
1500000, 25, 40, 42.188480
1500000, 25, 41, 0.283200
1500000, 25, 43, 5.980480
1500000, 25, 44, 0.283200
1500000, 25, 47, 0.283200
1500000, 25, 53, 0.283200
1500000, 25, 54, 42.188480
1500000, 25, 56, 42.188480
1500000, 25, 58, 56.163520
1500000, 25, 61, 0.148800
1500000, 25, 63, 0.283200
1500000, 25, 64, 0.441600
1500000, 26, 7, 0.283200
1500000, 26, 8, 42.188480
1500000, 27, 1, 18.828160
1500000, 27, 2, 0.283200
1500000, 27, 6, 0.283200
1500000, 27, 7, 0.283200
1500000, 27, 8, 42.313280
1500000, 28, 1, 42.471680
1500000, 28, 2, 0.283200
1500000, 28, 3, 84.376960
1500000, 29, 1, 84.376960
1500000, 29, 5, 5.256320
1500000, 30, 2, 0.283200
1500000, 30, 6, 42.188480
1500000, 31, 7, 0.283200
1500000, 31, 8, 84.376960
1500000, 32, 1, 42.188480
1500000, 32, 7, 42.188480
1500000, 32, 8, 40.552960
1500000, 33, 3, 42.188480
1500000, 33, 7, 42.188480
1500000, 34, 1, 44.360960
1500000, 34, 2, 0.283200
1500000, 34, 3, 27.705280
1500000, 34, 5, 42.188480
1500000, 34, 7, 39.291840
1500000, 34, 8, 42.188480
1500000, 35, 1, 42.188480
1500000, 35, 3, 0.283200
1500000, 35, 4, 0.283200
1500000, 35, 5, 0.283200
1500000, 35, 7, 42.471680
1500000, 35, 8, 42.188480
1500000, 36, 4, 42.471680
1500000, 36, 5, 26.069760
1500000, 36, 7, 84.376960
1500000, 36, 8, 0.283200
1500000, 37, 3, 0.043200
1500000, 37, 7, 42.188480
1500000, 37, 8, 0.283200
1500000, 38, 2, 40.740160
1500000, 38, 4, 0.192000
1500000, 38, 6, 0.172800
1500000, 38, 7, 42.428480
1500000, 39, 1, 0.451200
1500000, 39, 3, 0.283200
1500000, 39, 6, 0.283200
1500000, 39, 8, 84.376960
1500000, 40, 1, 33.498560
1500000, 40, 4, 84.660160
1500000, 40, 5, 42.188480
1500000, 40, 6, 0.283200
1500000, 40, 8, 0.283200
1500000, 41, 4, 0.096000
1500000, 41, 5, 10.138240
1500000, 42, 2, 45.809280
1500000, 42, 6, 43.824000
1500000, 43, 4, 0.283200
1500000, 44, 1, 28.966400
1500000, 44, 5, 42.188480
1500000, 44, 7, 0.120000
1500000, 44, 8, 0.283200
1500000, 45, 3, 42.188480
1500000, 45, 6, 42.754880
1500000, 45, 8, 4.532160
1500000, 46, 2, 0.115200
1500000, 46, 3, 42.188480
1500000, 46, 4, 42.188480
1500000, 46, 5, 0.283200
1500000, 47, 2, 20.463680
1500000, 47, 3, 0.283200
1500000, 47, 4, 42.188480
1500000, 47, 7, 0.283200
1500000, 48, 4, 80.568960
1500000, 48, 5, 42.188480
1500000, 48, 7, 0.283200
1500000, 48, 8, 42.471680
1500000, 49, 1, 0.283200
1500000, 49, 2, 42.188480
1500000, 50, 1, 42.188480
1500000, 50, 2, 0.283200
1500000, 50, 6, 28.242240
1500000, 50, 7, 42.188480
1500000, 50, 8, 0.566400
1500000, 51, 1, 0.283200
1500000, 51, 3, 42.188480
1500000, 51, 5, 32.774400
1500000, 51, 6, 0.283200
1500000, 51, 7, 0.283200
1500000, 52, 1, 0.283200
1500000, 52, 3, 0.225600
1500000, 52, 4, 0.283200
1500000, 52, 5, 0.057600
1500000, 52, 6, 42.188480
1500000, 52, 8, 26.074560
1500000, 53, 2, 0.283200
1500000, 53, 3, 0.283200
1500000, 53, 4, 0.009600
1500000, 53, 6, 42.471680
1500000, 53, 7, 0.283200
1500000, 53, 8, 0.283200
1500000, 54, 3, 42.188480
1500000, 54, 5, 0.283200
1500000, 54, 7, 42.188480
1500000, 54, 8, 42.188480
1500000, 55, 1, 42.188480
1500000, 55, 2, 84.376960
1500000, 55, 5, 22.919360
1500000, 55, 6, 37.843520
1500000, 55, 7, 26.256960
1500000, 55, 8, 0.283200
1500000, 56, 2, 42.188480
1500000, 56, 3, 0.283200
1500000, 56, 4, 42.332480
1500000, 56, 5, 0.124800
1500000, 56, 6, 0.283200
1500000, 57, 3, 0.273600
1500000, 57, 8, 0.273600
1500000, 58, 1, 42.188480
1500000, 58, 2, 42.188480
1500000, 58, 3, 19.835520
1500000, 58, 4, 42.188480
1500000, 58, 5, 42.188480
1500000, 58, 6, 42.188480
1500000, 58, 8, 0.283200
1500000, 59, 4, 55.947520
1500000, 59, 7, 42.188480
1500000, 59, 8, 42.188480
1500000, 60, 3, 0.264000
1500000, 60, 4, 0.004800
1500000, 60, 8, 0.283200
1500000, 61, 1, 84.684160
1500000, 61, 2, 0.249600
1500000, 62, 2, 0.283200
1500000, 62, 3, 0.350400
1500000, 62, 4, 12.310720
1500000, 62, 5, 42.471680
1500000, 63, 1, 42.471680
1500000, 63, 3, 42.188480
1500000, 63, 8, 0.196800
1500000, 64, 1, 0.283200
1500000, 64, 5, 34.318720
1500000, 64, 7, 0.283200
1500000, 64, 8, 0.096000
1500000, 65, 2, 26.290560
1500000, 65, 3, 0.283200
1500000, 65, 4, 42.471680
1500000, 65, 5, 0.283200
1500000, 65, 6, 0.244800
1500000, 65, 7, 36.208000
1500000, 65, 8, 42.188480
1500000, 66, 1, 8.877120
1500000, 66, 2, 42.188480
1500000, 66, 4, 42.188480
1500000, 66, 5, 42.188480
1500000, 66, 6, 42.471680
1500000, 67, 1, 0.110400
1500000, 67, 3, 0.220800
1500000, 67, 4, 29.877760
1500000, 67, 7, 42.471680
1500000, 68, 1, 0.283200
1500000, 68, 5, 24.808640
1500000, 68, 6, 0.283200
1500000, 69, 5, 8.877120
1500000, 70, 4, 42.188480
1500000, 70, 5, 42.236480
1500000, 70, 6, 111.358080
1500000, 70, 7, 84.660160
1500000, 71, 3, 42.188480
1500000, 71, 4, 0.283200
1500000, 71, 5, 0.494400
1500000, 71, 6, 0.283200
1500000, 72, 2, 0.388800
1500000, 72, 5, 42.188480
1500000, 73, 1, 0.566400
1500000, 73, 2, 42.188480
1500000, 73, 3, 42.188480
1500000, 73, 4, 0.283200
1500000, 73, 6, 0.283200
1500000, 73, 8, 0.283200
1500000, 74, 3, 42.188480
1500000, 74, 4, 0.057600
1500000, 74, 6, 2.359680
1500000, 75, 5, 42.188480
1500000, 76, 4, 0.528000
1500000, 76, 7, 0.283200
1500000, 77, 1, 42.855680
1500000, 77, 2, 0.240000
1500000, 77, 3, 0.033600
1500000, 77, 5, 0.283200
1500000, 77, 8, 42.188480
1500000, 78, 3, 36.989760
1500000, 78, 4, 0.283200
1500000, 78, 7, 42.188480
1500000, 79, 1, 42.188480
1500000, 79, 2, 10.431040
1500000, 79, 3, 40.552960
1500000, 79, 4, 0.283200
1500000, 79, 5, 0.566400
1500000, 80, 2, 42.188480
1500000, 80, 3, 20.276480
1500000, 80, 5, 42.754880
1500000, 80, 6, 0.283200
1500000, 81, 1, 53.050880
1500000, 81, 2, 0.566400
1500000, 81, 3, 64.920640
1500000, 81, 4, 0.192000
1500000, 81, 5, 42.188480
1500000, 81, 6, 42.188480
1500000, 81, 7, 0.225600
1500000, 81, 8, 31.863040
1500000, 82, 2, 42.188480
1500000, 82, 4, 3.083840
1500000, 82, 6, 83.652800
1500000, 82, 8, 0.283200
1500000, 83, 2, 42.188480
1500000, 83, 4, 32.774400
1500000, 83, 6, 0.283200
1500000, 83, 7, 42.188480
1500000, 83, 8, 26.256960
1500000, 84, 1, 0.283200
1500000, 84, 2, 42.188480
1500000, 84, 6, 42.471680
1500000, 84, 7, 0.139200
1500000, 85, 2, 0.283200
1500000, 85, 3, 0.283200
1500000, 85, 4, 0.187200
1500000, 86, 2, 0.283200
1500000, 86, 3, 25.816000
1500000, 86, 4, 49.176320
1500000, 86, 6, 0.283200
1500000, 86, 7, 0.283200
1500000, 86, 8, 42.188480
1500000, 87, 2, 42.438080
1500000, 87, 7, 0.427200
1500000, 87, 8, 0.283200
1500000, 88, 1, 0.283200
1500000, 88, 3, 0.283200
1500000, 88, 6, 42.188480
1500000, 88, 8, 0.283200
1500000, 89, 2, 42.188480
1500000, 89, 5, 0.566400
1600000, 0, 1, 2451.827200
1600000, 0, 2, 362.778560
1600000, 1, 1, 2336.148800
1600000, 1, 2, 387.889600
1600000, 2, 1, 2387.348800
1600000, 2, 2, 367.349120
1600000, 3, 1, 2625.828480
1600000, 3, 2, 324.969280
1600000, 4, 1, 2532.705280
1600000, 4, 2, 374.384960
1600000, 5, 1, 2365.140480
1600000, 5, 2, 374.509120
1600000, 6, 1, 2269.491840
1600000, 6, 2, 386.023680
1600000, 7, 1, 2304.376960
1600000, 7, 2, 368.567040
1600000, 8, 1, 2426.665280
1600000, 8, 2, 360.961280
1600000, 9, 1, 2588.963520
1600000, 9, 2, 347.336640
1600000, 10, 1, 2726.752000
1600000, 10, 2, 399.672960
1600000, 11, 1, 2675.145280
1600000, 11, 2, 399.149760
1600000, 12, 1, 2453.857600
1600000, 12, 2, 349.623680
1600000, 13, 1, 2219.012480
1600000, 13, 2, 297.815360
1600000, 14, 1, 2329.366720
1600000, 14, 2, 310.318080
1600000, 15, 1, 2468.632320
1600000, 15, 2, 341.706560
1600000, 16, 1, 2307.044480
1600000, 16, 2, 2451.952000
1600000, 16, 3, 2334.287680
1600000, 16, 4, 2389.321600
1600000, 16, 5, 2626.778880
1600000, 16, 6, 2530.962880
1600000, 16, 7, 2364.644800
1600000, 16, 8, 2269.131840
1600000, 17, 1, 2469.280320
1600000, 17, 2, 2427.462080
1600000, 17, 3, 2591.679680
1600000, 17, 4, 2727.289600
1600000, 17, 5, 2671.848960
1600000, 17, 6, 2450.838400
1600000, 17, 7, 2218.215680
1600000, 17, 8, 2331.046720
1600000, 18, 1, 342.219520
1600000, 18, 2, 368.150080
1600000, 18, 6, 42.188480
1600000, 18, 8, 0.283200
1600000, 18, 10, 0.019200
1600000, 18, 13, 0.283200
1600000, 18, 15, 42.188480
1600000, 18, 17, 0.566400
1600000, 18, 18, 36.932160
1600000, 18, 19, 77.859520
1600000, 18, 20, 13.034880
1600000, 18, 21, 42.188480
1600000, 18, 22, 35.042880
1600000, 18, 24, 42.188480
1600000, 18, 25, 42.188480
1600000, 18, 26, 0.283200
1600000, 18, 29, 0.542400
1600000, 18, 31, 0.283200
1600000, 18, 33, 13.034880
1600000, 18, 35, 42.188480
1600000, 18, 40, 42.298880
1600000, 18, 41, 0.177600
1600000, 18, 42, 13.505280
1600000, 18, 43, 23.897280
1600000, 18, 44, 42.188480
1600000, 18, 45, 0.283200
1600000, 18, 48, 42.188480
1600000, 18, 54, 42.188480
1600000, 18, 56, 0.297600
1600000, 18, 57, 0.283200
1600000, 18, 59, 0.283200
1600000, 18, 60, 42.188480
1600000, 18, 61, 42.188480
1600000, 18, 64, 0.283200
1600000, 18, 65, 0.192000
1600000, 19, 1, 361.105280
1600000, 19, 2, 362.078400
1600000, 19, 8, 0.417600
1600000, 19, 10, 42.188480
1600000, 19, 11, 42.250880
1600000, 19, 14, 42.188480
1600000, 19, 16, 30.414720
1600000, 19, 18, 0.331200
1600000, 19, 22, 0.283200
1600000, 19, 23, 42.188480
1600000, 19, 26, 70.997120
1600000, 19, 28, 53.050880
1600000, 19, 29, 42.188480
1600000, 19, 32, 42.188480
1600000, 19, 33, 0.283200
1600000, 19, 35, 64.383680
1600000, 19, 38, 0.283200
1600000, 19, 40, 5.069120
1600000, 19, 42, 0.489600
1600000, 19, 44, 0.163200
1600000, 19, 47, 84.660160
1600000, 19, 48, 42.188480
1600000, 19, 55, 46.720640
1600000, 19, 56, 0.911360
1600000, 19, 57, 20.746880
1600000, 19, 58, 18.497600
1600000, 19, 63, 42.754880
1600000, 19, 64, 0.283200
1600000, 20, 1, 348.113600
1600000, 20, 2, 388.340800
1600000, 20, 5, 42.188480
1600000, 20, 8, 42.188480
1600000, 20, 9, 0.297600
1600000, 20, 11, 84.540160
1600000, 20, 13, 7.965760
1600000, 20, 15, 20.559680
1600000, 20, 16, 13.759040
1600000, 20, 18, 42.471680
1600000, 20, 23, 0.441600
1600000, 20, 25, 3.083840
1600000, 20, 33, 0.283200
1600000, 20, 34, 0.283200
1600000, 20, 36, 26.981120
1600000, 20, 37, 12.310720
1600000, 20, 38, 0.033600
1600000, 20, 39, 26.981120
1600000, 20, 40, 0.283200
1600000, 20, 41, 0.283200
1600000, 20, 42, 42.812480
1600000, 20, 43, 42.188480
1600000, 20, 44, 0.268800
1600000, 20, 45, 84.376960
1600000, 20, 46, 38.380480
1600000, 20, 47, 0.192000
1600000, 20, 49, 42.361280
1600000, 20, 50, 42.188480
1600000, 20, 51, 0.283200
1600000, 20, 52, 42.471680
1600000, 20, 54, 42.471680
1600000, 20, 55, 21.724800
1600000, 20, 56, 0.172800
1600000, 20, 60, 42.188480
1600000, 21, 1, 399.965120
1600000, 21, 2, 367.670720
1600000, 21, 3, 0.283200
1600000, 21, 5, 0.566400
1600000, 21, 6, 0.235200
1600000, 21, 8, 30.414720
1600000, 21, 12, 0.283200
1600000, 21, 13, 14.670400
1600000, 21, 14, 42.188480
1600000, 21, 16, 42.471680
1600000, 21, 18, 29.153600
1600000, 21, 19, 84.376960
1600000, 21, 21, 0.566400
1600000, 21, 22, 2.014720
1600000, 21, 27, 0.283200
1600000, 21, 28, 0.283200
1600000, 21, 30, 0.110400
1600000, 21, 31, 3.179840
1600000, 21, 34, 42.188480
1600000, 21, 37, 0.014400
1600000, 21, 38, 17.663040
1600000, 21, 41, 7.428800
1600000, 21, 43, 5.793280
1600000, 21, 44, 42.246080
1600000, 21, 51, 0.283200
1600000, 21, 53, 42.217280
1600000, 21, 54, 42.433280
1600000, 21, 55, 0.220800
1600000, 21, 56, 81.345920
1600000, 21, 59, 39.171840
1600000, 21, 60, 68.258240
1600000, 21, 61, 42.188480
1600000, 21, 64, 42.188480
1600000, 21, 66, 0.120000
1600000, 22, 1, 398.468800
1600000, 22, 2, 324.498880
1600000, 22, 3, 0.244800
1600000, 22, 5, 26.793920
1600000, 22, 7, 0.283200
1600000, 22, 8, 42.188480
1600000, 22, 9, 0.235200
1600000, 22, 10, 0.283200
1600000, 22, 12, 0.283200
1600000, 22, 15, 0.086400
1600000, 22, 16, 42.188480
1600000, 22, 20, 42.001280
1600000, 22, 25, 84.660160
1600000, 22, 26, 0.283200
1600000, 22, 27, 11.773760
1600000, 22, 28, 0.283200
1600000, 22, 29, 0.384000
1600000, 22, 30, 0.158400
1600000, 22, 31, 42.188480
1600000, 22, 32, 42.188480
1600000, 22, 33, 0.134400
1600000, 22, 35, 42.188480
1600000, 22, 36, 0.283200
1600000, 22, 37, 0.264000
1600000, 22, 38, 23.173120
1600000, 22, 43, 64.637440
1600000, 22, 44, 42.375680
1600000, 22, 48, 42.471680
1600000, 22, 49, 42.188480
1600000, 22, 51, 0.009600
1600000, 22, 52, 0.283200
1600000, 22, 56, 41.747520
1600000, 22, 60, 0.283200
1600000, 22, 61, 42.188480
1600000, 22, 62, 42.188480
1600000, 23, 1, 341.082560
1600000, 23, 2, 373.688960
1600000, 23, 5, 42.471680
1600000, 23, 6, 0.283200
1600000, 23, 7, 0.566400
1600000, 23, 9, 0.566400
1600000, 23, 10, 0.009600
1600000, 23, 15, 42.188480
1600000, 23, 18, 0.259200
1600000, 23, 22, 42.471680
1600000, 23, 24, 0.283200
1600000, 23, 29, 0.283200
1600000, 23, 30, 33.311360
1600000, 23, 31, 42.188480
1600000, 23, 33, 0.710400
1600000, 23, 36, 0.283200
1600000, 23, 40, 0.283200
1600000, 23, 41, 42.188480
1600000, 23, 42, 3.083840
1600000, 23, 45, 42.188480
1600000, 23, 49, 42.188480
1600000, 23, 51, 0.283200
1600000, 23, 52, 0.081600
1600000, 23, 53, 85.101120
1600000, 23, 55, 39.828800
1600000, 23, 56, 0.158400
1600000, 23, 58, 42.188480
1600000, 23, 61, 42.289280
1600000, 23, 65, 84.376960
1600000, 23, 66, 42.188480
1600000, 24, 1, 297.887360
1600000, 24, 2, 375.084480
1600000, 24, 3, 0.283200
1600000, 24, 4, 0.283200
1600000, 24, 6, 0.187200
1600000, 24, 7, 42.188480
1600000, 24, 8, 42.188480
1600000, 24, 9, 0.283200
1600000, 24, 10, 0.283200
1600000, 24, 12, 0.283200
1600000, 24, 13, 42.188480
1600000, 24, 14, 84.376960
1600000, 24, 15, 0.091200
1600000, 24, 18, 0.283200
1600000, 24, 25, 42.188480
1600000, 24, 28, 42.188480
1600000, 24, 29, 14.670400
1600000, 24, 30, 42.188480
1600000, 24, 31, 0.283200
1600000, 24, 36, 0.283200
1600000, 24, 42, 42.188480
1600000, 24, 48, 52.326720
1600000, 24, 49, 28.242240
1600000, 24, 50, 42.188480
1600000, 24, 53, 0.235200
1600000, 24, 54, 0.283200
1600000, 24, 55, 84.376960
1600000, 24, 58, 8.152960
1600000, 24, 59, 0.566400
1600000, 24, 60, 0.283200
1600000, 24, 62, 42.188480
1600000, 24, 65, 42.188480
1600000, 24, 66, 0.566400
1600000, 25, 1, 313.881280
1600000, 25, 2, 385.429120
1600000, 25, 3, 0.283200
1600000, 25, 4, 22.919360
1600000, 25, 6, 0.283200
1600000, 25, 8, 42.188480
1600000, 25, 11, 38.567680
1600000, 25, 13, 0.283200
1600000, 25, 14, 0.264000
1600000, 25, 15, 0.321600
1600000, 25, 16, 0.283200
1600000, 25, 17, 42.188480
1600000, 25, 20, 34.035520
1600000, 25, 21, 12.497920
1600000, 25, 22, 0.038400
1600000, 25, 23, 42.346880
1600000, 25, 25, 42.188480
1600000, 25, 26, 0.283200
1600000, 25, 28, 0.283200
1600000, 25, 33, 0.216000
1600000, 25, 34, 0.283200
1600000, 25, 41, 42.188480
1600000, 25, 44, 0.283200
1600000, 25, 45, 7.965760
1600000, 25, 48, 42.188480
1600000, 25, 49, 42.188480
1600000, 25, 54, 42.188480
1600000, 25, 56, 84.376960
1600000, 25, 58, 28.712640
1600000, 25, 59, 42.188480
1600000, 25, 60, 84.376960
1600000, 25, 61, 0.134400
1600000, 25, 63, 0.283200
1600000, 25, 64, 0.408000
1600000, 25, 66, 13.034880
1600000, 26, 3, 0.283200
1600000, 26, 4, 0.240000
1600000, 26, 6, 0.283200
1600000, 26, 7, 0.283200
1600000, 27, 1, 23.360320
1600000, 27, 6, 0.283200
1600000, 27, 7, 0.283200
1600000, 28, 3, 0.566400
1600000, 28, 4, 42.188480
1600000, 28, 5, 0.283200
1600000, 28, 6, 26.069760
1600000, 28, 7, 42.188480
1600000, 29, 2, 42.188480
1600000, 29, 3, 0.230400
1600000, 29, 5, 0.283200
1600000, 29, 6, 0.182400
1600000, 29, 7, 0.283200
1600000, 30, 4, 0.283200
1600000, 30, 5, 0.566400
1600000, 30, 8, 40.552960
1600000, 31, 1, 42.606080
1600000, 31, 4, 42.188480
1600000, 31, 5, 30.414720
1600000, 31, 6, 42.188480
1600000, 31, 8, 42.471680
1600000, 32, 2, 0.292800
1600000, 32, 4, 0.225600
1600000, 32, 5, 0.566400
1600000, 32, 6, 0.283200
1600000, 32, 8, 1.635520
1600000, 33, 3, 42.188480
1600000, 33, 4, 0.283200
1600000, 33, 5, 0.009600
1600000, 33, 6, 0.283200
1600000, 33, 8, 0.014400
1600000, 34, 1, 40.073600
1600000, 34, 2, 0.158400
1600000, 34, 3, 42.188480
1600000, 34, 4, 84.376960
1600000, 35, 3, 0.283200
1600000, 35, 4, 0.283200
1600000, 35, 6, 0.283200
1600000, 36, 4, 7.241600
1600000, 36, 5, 16.118720
1600000, 36, 7, 0.283200
1600000, 36, 8, 42.471680
1600000, 37, 3, 42.188480
1600000, 37, 5, 42.188480
1600000, 37, 7, 0.259200
1600000, 37, 8, 84.376960
1600000, 38, 2, 42.471680
1600000, 38, 4, 19.643520
1600000, 38, 6, 0.110400
1600000, 38, 7, 42.514880
1600000, 39, 3, 29.973760
1600000, 39, 4, 12.310720
1600000, 39, 5, 42.188480
1600000, 39, 6, 42.188480
1600000, 39, 7, 0.283200
1600000, 40, 1, 42.188480
1600000, 40, 8, 0.566400
1600000, 41, 1, 0.316800
1600000, 41, 2, 35.767040
1600000, 41, 4, 42.188480
1600000, 41, 5, 32.309440
1600000, 41, 6, 0.283200
1600000, 42, 2, 80.756160
1600000, 42, 5, 84.376960
1600000, 43, 1, 32.587200
1600000, 43, 2, 11.586560
1600000, 43, 6, 41.277120
1600000, 44, 1, 13.222080
1600000, 44, 2, 42.188480
1600000, 44, 3, 0.566400
1600000, 45, 1, 0.283200
1600000, 45, 2, 34.035520
1600000, 45, 3, 0.566400
1600000, 45, 5, 1.007360
1600000, 45, 7, 42.222080
1600000, 45, 8, 0.283200
1600000, 46, 1, 42.188480
1600000, 46, 2, 0.451200
1600000, 46, 3, 42.188480
1600000, 46, 7, 0.153600
1600000, 47, 2, 42.188480
1600000, 47, 5, 0.283200
1600000, 48, 1, 42.188480
1600000, 48, 2, 42.188480
1600000, 48, 4, 4.091200
1600000, 48, 6, 84.376960
1600000, 48, 8, 42.188480
1600000, 49, 1, 0.566400
1600000, 49, 3, 68.982400
1600000, 49, 4, 0.283200
1600000, 49, 7, 0.283200
1600000, 49, 8, 0.283200
1600000, 50, 3, 0.283200
1600000, 50, 6, 13.946240
1600000, 51, 3, 51.161600
1600000, 51, 4, 0.283200
1600000, 51, 7, 0.283200
1600000, 51, 8, 42.188480
1600000, 52, 3, 42.188480
1600000, 52, 4, 0.379200
1600000, 52, 5, 0.283200
1600000, 52, 8, 16.680320
1600000, 53, 3, 0.105600
1600000, 53, 4, 0.153600
1600000, 53, 7, 32.587200
1600000, 53, 8, 42.188480
1600000, 54, 3, 0.283200
1600000, 54, 5, 2.172480
1600000, 54, 6, 42.471680
1600000, 54, 7, 42.188480
1600000, 54, 8, 0.283200
1600000, 55, 3, 42.188480
1600000, 55, 6, 42.188480
1600000, 56, 1, 0.283200
1600000, 56, 2, 11.869760
1600000, 56, 4, 0.139200
1600000, 56, 5, 0.724800
1600000, 56, 7, 0.201600
1600000, 57, 2, 0.283200
1600000, 57, 3, 0.009600
1600000, 57, 5, 42.188480
1600000, 57, 7, 0.283200
1600000, 58, 1, 0.283200
1600000, 58, 2, 42.188480
1600000, 58, 3, 64.824640
1600000, 58, 6, 42.188480
1600000, 59, 4, 28.712640
1600000, 59, 5, 0.283200
1600000, 59, 6, 0.283200
1600000, 60, 3, 0.019200
1600000, 60, 4, 11.140800
1600000, 61, 1, 0.283200
1600000, 61, 2, 0.033600
1600000, 61, 3, 0.283200
1600000, 61, 5, 16.655680
1600000, 61, 6, 20.276480
1600000, 62, 4, 29.877760
1600000, 63, 2, 42.471680
1600000, 63, 3, 4.344960
1600000, 63, 5, 0.283200
1600000, 63, 8, 0.115200
1600000, 64, 1, 42.188480
1600000, 64, 2, 0.283200
1600000, 64, 5, 8.152960
1600000, 64, 7, 42.188480
1600000, 64, 8, 0.187200
1600000, 65, 1, 0.484800
1600000, 65, 2, 16.747520
1600000, 65, 4, 42.188480
1600000, 65, 7, 5.980480
1600000, 65, 8, 42.471680
1600000, 66, 2, 23.173120
1600000, 66, 4, 42.188480
1600000, 66, 5, 4.344960
1600000, 66, 6, 63.189120
1600000, 67, 1, 0.172800
1600000, 67, 2, 42.452480
1600000, 67, 3, 0.062400
1600000, 67, 4, 0.187200
1600000, 67, 5, 42.188480
1600000, 67, 6, 42.188480
1600000, 67, 7, 0.283200
1600000, 68, 1, 6.517440
1600000, 68, 4, 84.376960
1600000, 68, 7, 42.188480
1600000, 68, 8, 0.283200
1600000, 69, 4, 37.656320
1600000, 70, 1, 0.283200
1600000, 70, 2, 0.177600
1600000, 70, 3, 84.376960
1600000, 71, 1, 42.188480
1600000, 71, 2, 42.188480
1600000, 71, 3, 42.188480
1600000, 71, 4, 0.283200
1600000, 71, 6, 42.188480
1600000, 71, 8, 50.878400
1600000, 72, 1, 42.188480
1600000, 72, 2, 0.177600
1600000, 72, 4, 42.188480
1600000, 72, 6, 42.188480
1600000, 72, 7, 42.188480
1600000, 72, 8, 26.793920
1600000, 73, 4, 42.188480
1600000, 73, 8, 42.188480
1600000, 74, 2, 0.283200
1600000, 74, 3, 0.283200
1600000, 74, 4, 0.004800
1600000, 74, 5, 0.283200
1600000, 75, 2, 0.283200
1600000, 75, 4, 42.471680
1600000, 75, 5, 0.072000
1600000, 76, 3, 0.024000
1600000, 76, 5, 42.188480
1600000, 76, 6, 0.230400
1600000, 76, 7, 84.376960
1600000, 77, 1, 42.188480
1600000, 77, 2, 42.471680
1600000, 77, 3, 0.249600
1600000, 77, 4, 42.188480
1600000, 77, 5, 42.188480
1600000, 77, 6, 0.283200
1600000, 78, 3, 47.670400
1600000, 78, 4, 21.000640
1600000, 78, 7, 39.104640
1600000, 78, 8, 84.376960
1600000, 79, 1, 84.376960
1600000, 79, 2, 0.177600
1600000, 79, 3, 1.688320
1600000, 79, 4, 0.283200
1600000, 79, 5, 80.722560
1600000, 79, 6, 42.188480
1600000, 79, 8, 0.283200
1600000, 80, 1, 0.283200
1600000, 80, 3, 21.912000
1600000, 80, 8, 0.283200
1600000, 81, 1, 31.532480
1600000, 81, 3, 19.739520
1600000, 81, 7, 42.471680
1600000, 81, 8, 10.325440
1600000, 82, 1, 42.188480
1600000, 82, 3, 0.062400
1600000, 82, 5, 38.380480
1600000, 82, 6, 0.566400
1600000, 82, 8, 0.283200
1600000, 83, 1, 84.376960
1600000, 83, 2, 42.188480
1600000, 83, 4, 42.471680
1600000, 83, 5, 67.534080
1600000, 83, 6, 0.273600
1600000, 84, 2, 42.188480
1600000, 84, 5, 42.284480
1600000, 84, 6, 42.188480
1600000, 84, 7, 42.332480
1600000, 85, 6, 42.188480
1600000, 85, 8, 42.188480
1600000, 86, 1, 0.566400
1600000, 86, 3, 42.188480
1600000, 86, 7, 0.283200
1600000, 87, 1, 0.283200
1600000, 87, 5, 42.188480
1600000, 87, 7, 0.422400
1600000, 87, 8, 0.283200
1600000, 88, 7, 84.376960
1600000, 88, 8, 42.370880
1600000, 89, 1, 10.138240
1600000, 89, 3, 0.115200
1600000, 89, 6, 0.566400
1600000, 89, 7, 42.188480
